11 21 27 36 62 24 : 14 18 36 49 67 18
14 18 36 49 67 18 : 18 31 36 43 47 20
18 31 36 43 47 20 : 06 24 30 53 56 19
06 24 30 53 56 19 : 05 18 23 40 50 18
05 18 23 40 50 18 : 21 37 52 53 58 05
21 37 52 53 58 05 : 06 10 31 37 44 23
06 10 31 37 44 23 : 01 03 13 44 56 26
01 03 13 44 56 26 : 18 20 27 45 65 06
18 20 27 45 65 06 : 11 28 37 40 53 13
11 28 37 40 53 13 : 02 06 40 42 55 24
02 06 40 42 55 24 : 23 32 33 45 49 14
23 32 33 45 49 14 : 14 16 37 48 58 18
14 16 37 48 58 18 : 13 15 17 45 63 13
13 15 17 45 63 13 : 07 15 18 32 45 20
07 15 18 32 45 20 : 04 05 17 43 52 05
04 05 17 43 52 05 : 51 54 57 60 69 11
51 54 57 60 69 11 : 02 57 58 60 65 26
02 57 58 60 65 26 : 08 12 18 44 51 18
08 12 18 44 51 18 : 28 31 40 41 46 04
28 31 40 41 46 04 : 03 04 06 48 53 10
03 04 06 48 53 10 : 11 14 31 47 48 04
11 14 31 47 48 04 : 17 54 56 63 69 20
17 54 56 63 69 20 : 04 23 37 61 67 07
04 23 37 61 67 07 : 27 32 34 43 52 13
27 32 34 43 52 13 : 06 13 38 39 53 06
06 13 38 39 53 06 : 10 24 27 35 53 18
10 24 27 35 53 18 : 03 43 45 61 65 14
03 43 45 61 65 14 : 03 04 11 41 67 05
03 04 11 41 67 05 : 01 20 22 60 66 03
01 20 22 60 66 03 : 14 26 38 45 46 13
14 26 38 45 46 13 : 04 19 23 25 49 14
04 19 23 25 49 14 : 14 20 39 65 67 02
14 20 39 65 67 02 : 40 53 60 68 69 22
40 53 60 68 69 22 : 05 08 17 27 28 14
05 08 17 27 28 14 : 17 33 35 42 52 09
17 33 35 42 52 09 : 01 02 07 52 61 04
01 02 07 52 61 04 : 05 37 40 64 66 05
05 37 40 64 66 05 : 01 16 48 49 65 08
01 16 48 49 65 08 : 15 39 58 63 67 07
15 39 58 63 67 07 : 20 28 33 63 68 20
20 28 33 63 68 20 : 01 15 21 32 46 01
01 15 21 32 46 01 : 04 08 22 32 58 04
04 08 22 32 58 04 : 04 33 43 53 65 21
04 33 43 53 65 21 : 02 28 31 44 52 18
02 28 31 44 52 18 : 21 40 44 50 55 16
21 40 44 50 55 16 : 11 31 50 52 58 18
11 31 50 52 58 18 : 17 18 37 44 53 18
17 18 37 44 53 18 : 05 11 51 56 61 02
05 11 51 56 61 02 : 34 38 42 61 62 19
34 38 42 61 62 19 : 01 06 22 42 61 04
01 06 22 42 61 04 : 04 09 17 27 38 18
04 09 17 27 38 18 : 06 14 38 39 65 06
06 14 38 39 65 06 : 03 10 44 55 68 24
03 10 44 55 68 24 : 01 12 17 39 53 05
01 12 17 39 53 05 : 27 35 39 51 66 16
27 35 39 51 66 16 : 14 16 23 50 53 03
14 16 23 50 53 03 : 13 30 33 45 61 14
13 30 33 45 61 14 : 10 21 26 41 49 25
10 21 26 41 49 25 : 21 25 32 63 67 06
21 25 32 63 67 06 : 22 36 48 59 61 22
22 36 48 59 61 22 : 08 17 49 52 59 01
08 17 49 52 59 01 : 11 14 23 47 57 14
11 14 23 47 57 14 : 10 17 31 51 53 01
10 17 31 51 53 01 : 16 17 20 53 67 04
16 17 20 53 67 04 : 27 52 55 60 64 21
27 52 55 60 64 21 : 15 21 22 27 47 07
15 21 22 27 47 07 : 01 04 11 20 69 18
01 04 11 20 69 18 : 05 21 22 29 43 10
05 21 22 29 43 10 : 08 12 19 47 58 02
08 12 19 47 58 02 : 19 30 36 42 66 14
19 30 36 42 66 14 : 13 23 47 55 58 23
13 23 47 55 58 23 : 05 12 34 45 56 03
05 12 34 45 56 03 : 02 06 18 36 37 21
02 06 18 36 37 21 : 02 03 14 40 51 24
02 03 14 40 51 24 : 07 14 17 57 65 24
07 14 17 57 65 24 : 06 25 36 43 48 24
06 25 36 43 48 24 : 07 29 35 40 45 26
07 29 35 40 45 26 : 05 21 36 61 62 18
05 21 36 61 62 18 : 16 25 36 44 55 14
16 25 36 44 55 14 : 13 16 32 58 59 09
13 16 32 58 59 09 : 27 47 61 62 69 04
27 47 61 62 69 04 : 14 19 61 62 64 04
14 19 61 62 64 04 : 03 10 34 36 62 05
03 10 34 36 62 05 : 16 21 27 60 61 06
16 21 27 60 61 06 : 15 28 52 53 63 18
15 28 52 53 63 18 : 09 36 49 56 62 08
09 36 49 56 62 08 : 15 22 27 33 46 23
15 22 27 33 46 23 : 10 31 41 63 67 05
10 31 41 63 67 05 : 07 10 63 64 68 10
07 10 63 64 68 10 : 02 12 32 50 65 05
02 12 32 50 65 05 : 10 33 41 52 54 18
10 33 41 52 54 18 : 01 17 38 68 69 18
01 17 38 68 69 18 : 01 03 26 41 64 17
01 03 26 41 64 17 : 13 32 41 58 60 14
13 32 41 58 60 14 : 38 58 59 64 68 21
38 58 59 64 68 21 : 02 08 18 21 23 16
02 08 18 21 23 16 : 18 34 40 42 50 09
18 34 40 42 50 09 : 08 12 26 39 42 11
08 12 26 39 42 11 : 39 53 54 56 57 20
39 53 54 56 57 20 : 12 18 42 48 65 19
12 18 42 48 65 19 : 07 08 35 50 65 20
07 08 35 50 65 20 : 13 16 33 58 68 24
13 16 33 58 68 24 : 02 20 49 61 67 20
02 20 49 61 67 20 : 01 03 21 47 57 18
01 03 21 47 57 18 : 01 33 35 40 69 24
01 33 35 40 69 24 : 04 44 46 56 63 19
04 44 46 56 63 19 : 10 12 33 36 41 02
10 12 33 36 41 02 : 22 29 30 42 47 17
22 29 30 42 47 17 : 02 37 39 48 54 05
02 37 39 48 54 05 : 08 31 39 40 43 04
08 31 39 40 43 04 : 33 35 45 48 60 16
33 35 45 48 60 16 : 07 40 48 55 66 11
07 40 48 55 66 11 : 05 09 27 39 42 16
05 09 27 39 42 16 : 02 23 40 59 69 13
02 23 40 59 69 13 : 15 27 44 59 63 08
15 27 44 59 63 08 : 09 23 26 30 32 08
09 23 26 30 32 08 : 04 29 49 50 67 02
04 29 49 50 67 02 : 07 15 21 33 62 23
07 15 21 33 62 23 : 18 43 58 60 68 14
18 43 58 60 68 14 : 24 44 46 50 51 13
24 44 46 50 51 13 : 08 27 29 36 47 24
08 27 29 36 47 24 : 25 37 39 61 62 11
25 37 39 61 62 11 : 10 12 15 19 56 19
10 12 15 19 56 19 : 16 32 35 36 46 03
16 32 35 36 46 03 : 14 47 54 55 68 25
14 47 54 55 68 25 : 35 49 50 59 66 06
35 49 50 59 66 06 : 23 30 35 41 57 02
23 30 35 41 57 02 : 12 33 54 57 60 13
12 33 54 57 60 13 : 09 12 15 31 60 02
09 12 15 31 60 02 : 02 09 17 36 67 18
02 09 17 36 67 18 : 11 33 44 59 67 08
11 33 44 59 67 08 : 20 24 38 56 68 18
20 24 38 56 68 18 : 39 41 53 55 68 19
39 41 53 55 68 19 : 03 21 23 31 59 03
03 21 23 31 59 03 : 02 04 07 43 56 22
02 04 07 43 56 22 : 01 11 21 25 54 07
01 11 21 25 54 07 : 49 53 57 59 62 26
49 53 57 59 62 26 : 20 23 39 59 60 18
20 23 39 59 60 18 : 02 04 16 30 46 20
02 04 16 30 46 20 : 19 31 35 50 67 14
19 31 35 50 67 14 : 14 18 26 39 68 09
14 18 26 39 68 09 : 03 06 12 32 64 19
03 06 12 32 64 19 : 24 29 42 44 63 10
24 29 42 44 63 10 : 18 42 53 62 66 25
18 42 53 62 66 25 : 08 27 44 51 61 14
08 27 44 51 61 14 : 15 35 42 63 68 18
15 35 42 63 68 18 : 15 26 37 53 55 21
15 26 37 53 55 21 : 28 35 38 61 66 23
28 35 38 61 66 23 : 07 15 39 40 57 12
07 15 39 40 57 12 : 14 22 26 55 63 26
14 22 26 55 63 26 : 23 26 27 28 66 11
23 26 27 28 66 11 : 14 17 35 38 60 25
14 17 35 38 60 25 : 15 28 46 62 64 17
15 28 46 62 64 17 : 03 23 32 37 58 22
03 23 32 37 58 22 : 19 22 52 56 67 21
19 22 52 56 67 21 : 03 20 48 54 59 04
03 20 48 54 59 04 : 05 12 50 61 69 23
05 12 50 61 69 23 : 14 27 29 59 65 12
14 27 29 59 65 12 : 01 05 25 63 67 03
01 05 25 63 67 03 : 12 29 34 53 65 23
12 29 34 53 65 23 : 05 18 33 43 65 02
05 18 33 43 65 02 : 06 14 36 51 54 04
06 14 36 51 54 04 : 04 08 10 43 53 07
04 08 10 43 53 07 : 15 23 34 51 55 04
15 23 34 51 55 04 : 37 43 44 45 53 25
37 43 44 45 53 25 : 01 09 22 36 68 22
01 09 22 36 68 22 : 14 19 39 47 51 15
14 19 39 47 51 15 : 11 27 31 36 67 11
11 27 31 36 67 11 : 06 17 24 53 57 03
06 17 24 53 57 03 : 11 20 41 42 56 06
11 20 41 42 56 06 : 04 08 30 52 59 02
04 08 30 52 59 02 : 14 41 50 56 57 18
14 41 50 56 57 18 : 09 32 37 41 56 14
09 32 37 41 56 14 : 05 12 20 21 47 01
05 12 20 21 47 01 : 12 21 22 29 32 21
12 21 22 29 32 21 : 18 21 24 30 60 20
18 21 24 30 60 20 : 10 13 30 51 69 10
10 13 30 51 69 10 : 35 41 44 58 59 03
35 41 44 58 59 03 : 08 32 47 53 59 03
08 32 47 53 59 03 : 03 06 45 66 68 13
03 06 45 66 68 13 : 14 37 47 55 67 06
14 37 47 55 67 06 : 01 19 31 48 61 06
01 19 31 48 61 06 : 22 29 35 53 56 13
22 29 35 53 56 13 : 05 26 36 64 69 19
05 26 36 64 69 19 : 19 43 47 60 68 10
19 43 47 60 68 10 : 13 23 32 35 68 21
13 23 32 35 68 21 : 07 09 26 44 68 03
07 09 26 44 68 03 : 04 08 23 46 65 01
04 08 23 46 65 01 : 40 43 45 50 61 25
40 43 45 50 61 25 : 13 17 24 59 62 08
13 17 24 59 62 08 : 01 05 16 22 54 24
01 05 16 22 54 24 : 03 06 11 14 66 21
03 06 11 14 66 21 : 04 18 21 26 38 01
04 18 21 26 38 01 : 08 11 14 16 49 14
08 11 14 16 49 14 : 05 35 38 42 57 13
05 35 38 42 57 13 : 09 13 42 48 60 18
09 13 42 48 60 18 : 17 23 28 34 38 08
17 23 28 34 38 08 : 06 15 34 45 52 08
06 15 34 45 52 08 : 03 32 34 42 61 07
03 32 34 42 61 07 : 01 02 39 43 66 02
01 02 39 43 66 02 : 07 10 20 44 57 03
07 10 20 44 57 03 : 02 10 25 66 67 26
02 10 25 66 67 26 : 07 17 33 61 68 04
07 17 33 61 68 04 : 06 08 09 37 40 26
06 08 09 37 40 26 : 01 45 53 64 66 03
01 45 53 64 66 03 : 06 16 23 30 61 02
06 16 23 30 61 02 : 05 23 28 56 66 17
05 23 28 56 66 17 : 02 29 41 45 62 06
02 29 41 45 62 06 : 06 32 35 36 65 04
06 32 35 36 65 04 : 03 27 30 63 65 01
03 27 30 63 65 01 : 01 15 17 46 66 15
01 15 17 46 66 15 : 04 17 26 32 49 10
04 17 26 32 49 10 : 12 21 23 39 67 06
12 21 23 39 67 06 : 15 33 43 59 60 08
15 33 43 59 60 08 : 16 19 25 32 49 18
16 19 25 32 49 18 : 21 52 54 64 68 04
21 52 54 64 68 04 : 16 20 37 44 62 12
16 20 37 44 62 12 : 24 25 52 60 66 05
24 25 52 60 66 05 : 10 14 50 53 63 21
10 14 50 53 63 21 : 30 34 39 53 67 11
30 34 39 53 67 11 : 18 36 45 47 69 14
18 36 45 47 69 14 : 05 06 45 55 59 14
05 06 45 55 59 14 : 06 10 21 35 46 23
06 10 21 35 46 23 : 01 19 25 27 68 21
01 19 25 27 68 21 : 21 31 42 49 59 23
21 31 42 49 59 23 : 04 06 14 20 32 13
04 06 14 20 32 13 : 27 49 50 51 52 02
27 49 50 51 52 02 : 29 30 41 48 64 01
29 30 41 48 64 01 : 02 08 14 24 69 26
02 08 14 24 69 26 : 01 02 03 07 39 25
01 02 03 07 39 25 : 05 13 28 38 63 21
05 13 28 38 63 21 : 10 17 18 43 65 13
10 17 18 43 65 13 : 02 12 16 29 54 06
02 12 16 29 54 06 : 08 12 20 21 32 10
08 12 20 21 32 10 : 23 25 47 48 50 24
23 25 47 48 50 24 : 05 08 41 65 66 20
05 08 41 65 66 20 : 14 29 31 56 61 01
14 29 31 56 61 01 : 07 36 48 57 58 24
07 36 48 57 58 24 : 06 19 37 49 59 22
06 19 37 49 59 22 : 03 07 15 27 69 19
03 07 15 27 69 19 : 08 12 42 46 56 12
08 12 42 46 56 12 : 12 42 51 53 62 25
12 42 51 53 62 25 : 05 25 38 52 67 24
05 25 38 52 67 24 : 21 28 30 40 59 26
21 28 30 40 59 26 : 15 29 31 37 43 16
15 29 31 37 43 16 : 08 38 43 52 55 17
08 38 43 52 55 17 : 04 09 21 29 64 26
04 09 21 29 64 26 : 14 32 34 46 61 10
14 32 34 46 61 10 : 09 11 36 37 38 11
09 11 36 37 38 11 : 10 11 47 55 58 26
10 11 47 55 58 26 : 04 19 59 68 69 21
04 19 59 68 69 21 : 11 33 51 56 58 18
11 33 51 56 58 18 : 07 14 23 38 55 18
07 14 23 38 55 18 : 06 08 20 52 68 05
06 08 20 52 68 05 : 07 42 49 62 69 23
07 42 49 62 69 23 : 05 29 34 53 57 24
05 29 34 53 57 24 : 26 28 34 42 50 25
26 28 34 42 50 25 : 15 21 24 32 65 11
15 21 24 32 65 11 : 07 25 39 40 47 20
07 25 39 40 47 20 : 08 12 13 19 27 04
08 12 13 19 27 04 : 03 21 45 53 56 22
03 21 45 53 56 22 : 16 54 57 62 69 23
16 54 57 62 69 23 : 03 57 64 68 69 15
03 57 64 68 69 15 : 11 14 32 43 65 15
11 14 32 43 65 15 : 08 23 27 42 60 07
08 23 27 42 60 07 : 01 22 27 53 67 15
01 22 27 53 67 15 : 41 53 59 63 66 03
41 53 59 63 66 03 : 09 17 34 59 64 22
09 17 34 59 64 22 : 01 02 07 30 50 08
01 02 07 30 50 08 : 24 61 63 64 69 18
24 61 63 64 69 18 : 04 39 48 50 51 11
04 39 48 50 51 11 : 02 18 19 24 34 03
02 18 19 24 34 03 : 06 28 48 63 64 24
06 28 48 63 64 24 : 03 13 20 32 33 21
03 13 20 32 33 21 : 06 15 50 59 60 13
06 15 50 59 60 13 : 11 54 55 61 66 09
11 54 55 61 66 09 : 25 41 53 57 67 12
25 41 53 57 67 12 : 20 25 54 57 63 08
20 25 54 57 63 08 : 01 07 45 47 69 13
01 07 45 47 69 13 : 24 34 52 61 67 16
24 34 52 61 67 16 : 12 15 28 47 48 16
12 15 28 47 48 16 : 05 43 56 62 68 24
05 43 56 62 68 24 : 10 21 30 43 63 17
10 21 30 43 63 17 : 03 11 38 44 58 02
03 11 38 44 58 02 : 05 22 32 38 58 26
05 22 32 38 58 26 : 22 27 46 56 65 13
22 27 46 56 65 13 : 02 18 41 44 64 26
02 18 41 44 64 26 : 09 23 56 58 68 01
09 23 56 58 68 01 : 01 10 27 28 36 12
01 10 27 28 36 12 : 22 41 42 49 67 11
22 41 42 49 67 11 : 19 21 27 46 47 07
19 21 27 46 47 07 : 01 10 43 45 64 22
01 10 43 45 64 22 : 04 07 15 41 44 10
04 07 15 41 44 10 : 03 09 20 42 61 24
03 09 20 42 61 24 : 07 28 37 62 63 15
07 28 37 62 63 15 : 16 29 43 45 56 25
16 29 43 45 56 25 : 04 14 23 27 56 13
04 14 23 27 56 13 : 09 45 57 58 65 09
09 45 57 58 65 09 : 13 20 38 45 55 01
13 20 38 45 55 01 : 06 10 15 25 36 14
06 10 15 25 36 14 : 23 28 41 53 56 14
23 28 41 53 56 14 : 23 25 37 44 64 07
23 25 37 44 64 07 : 17 23 26 46 68 20
17 23 26 46 68 20 : 01 21 31 45 49 21
01 21 31 45 49 21 : 20 54 56 61 64 07
20 54 56 61 64 07 : 03 06 09 17 56 25
03 06 09 17 56 25 : 17 19 21 22 51 19
17 19 21 22 51 19 : 22 42 45 55 56 14
22 42 45 55 56 14 : 11 16 38 50 69 19
11 16 38 50 69 19 : 14 29 36 57 61 17
14 29 36 57 61 17 : 05 14 31 40 50 06
05 14 31 40 50 06 : 20 22 28 45 50 08
20 22 28 45 50 08 : 17 18 39 56 64 12
17 18 39 56 64 12 : 40 50 54 62 69 19
40 50 54 62 69 19 : 09 10 12 17 23 09
09 10 12 17 23 09 : 17 19 26 61 62 15
17 19 26 61 62 15 : 16 18 27 55 67 18
16 18 27 55 67 18 : 02 17 20 38 39 20
02 17 20 38 39 20 : 08 24 42 54 64 24
08 24 42 54 64 24 : 08 24 52 55 61 21
08 24 52 55 61 21 : 06 08 26 52 53 21
06 08 26 52 53 21 : 10 33 45 53 56 24
10 33 45 53 56 24 : 03 04 18 29 61 25
03 04 18 29 61 25 : 22 57 59 60 66 07
22 57 59 60 66 07 : 06 12 24 41 68 09
06 12 24 41 68 09 : 43 44 54 61 69 22
43 44 54 61 69 22 : 06 13 19 36 51 18
06 13 19 36 51 18 : 13 17 25 36 40 05
13 17 25 36 40 05 : 12 30 59 65 69 16
12 30 59 65 69 16 : 24 25 38 62 63 06
24 25 38 62 63 06 : 07 15 31 34 36 08
07 15 31 34 36 08 : 13 26 39 44 62 02
13 26 39 44 62 02 : 37 39 44 46 69 26
37 39 44 46 69 26 : 01 13 27 41 59 20
01 13 27 41 59 20 : 23 34 35 40 47 10
23 34 35 40 47 10 : 15 23 27 48 53 06
15 23 27 48 53 06 : 04 07 14 46 59 22
04 07 14 46 59 22 : 17 21 26 47 54 07
17 21 26 47 54 07 : 05 09 11 33 64 21
05 09 11 33 64 21 : 26 28 47 49 58 03
26 28 47 49 58 03 : 03 33 37 51 57 21
03 33 37 51 57 21 : 14 25 35 58 69 24
14 25 35 58 69 24 : 07 24 33 49 50 04
07 24 33 49 50 04 : 12 61 30 29 33 26
12 61 30 29 33 26 : 02 18 37 39 42 12
02 18 37 39 42 12 : 28 36 41 51 58 24
28 36 41 51 58 24 : 03 09 16 56 60 03
03 09 16 56 60 03 : 01 03 13 15 44 25
01 03 13 15 44 25 : 01 20 61 64 69 20
01 20 61 64 69 20 : 09 35 37 50 63 11
09 35 37 50 63 11 : 02 24 28 51 58 07
02 24 28 51 58 07 : 25 36 37 55 60 06
25 36 37 55 60 06 : 19 20 50 55 62 09
19 20 50 55 62 09 : 28 30 32 36 58 06
28 30 32 36 58 06 : 24 26 28 59 63 16
24 26 28 59 63 16 : 08 13 27 53 54 04
08 13 27 53 54 04 : 35 37 46 51 61 13
35 37 46 51 61 13 : 17 28 31 32 39 26
17 28 31 32 39 26 : 23 32 44 48 50 25
23 32 44 48 50 25 : 04 06 16 30 56 18
04 06 16 30 56 18 : 12 14 20 21 34 22
12 14 20 21 34 22 : 12 14 26 48 51 13
12 14 26 48 51 13 : 03 06 19 26 44 01
03 06 19 26 44 01 : 27 35 38 57 66 10
27 35 38 57 66 10 : 18 22 29 54 57 08
18 22 29 54 57 08 : 14 41 42 45 69 04
14 41 42 45 69 04 : 30 49 54 66 69 08
30 49 54 66 69 08 : 32 37 56 66 69 11
32 37 56 66 69 11 : 01 03 13 19 69 23
01 03 13 19 69 23 : 10 49 61 63 65 07
10 49 61 63 65 07 : 22 23 62 63 66 24
22 23 62 63 66 24 : 08 12 25 41 64 15
08 12 25 41 64 15 : 08 10 21 23 25 22
08 10 21 23 25 22 : 24 45 55 56 57 19
24 45 55 56 57 19 : 39 48 53 67 68 26
39 48 53 67 68 26 : 17 18 24 25 31 24
17 18 24 25 31 24 : 17 24 35 57 63 19
17 24 35 57 63 19 : 06 20 29 57 59 22
06 20 29 57 59 22 : 08 14 32 58 67 17
08 14 32 58 67 17 : 06 21 41 52 62 26
06 21 41 52 62 26 : 19 28 43 67 69 07
19 28 43 67 69 07 : 07 15 32 38 66 15
07 15 32 38 66 15 : 06 07 16 23 26 04
06 07 16 23 26 04 : 17 19 39 43 68 13
17 19 39 43 68 13 : 09 15 43 60 64 04
09 15 43 60 64 04 : 20 24 26 35 49 19
20 24 26 35 49 19 : 12 30 36 47 62 09
12 30 36 47 62 09 : 11 21 28 33 45 11
11 21 28 33 45 11 : 01 16 54 63 69 18
01 16 54 63 69 18 : 01 28 40 45 48 12
01 28 40 45 48 12 : 07 19 21 42 69 12
07 19 21 42 69 12 : 05 32 44 53 60 09
05 32 44 53 60 09 : 50 51 59 61 63 04
50 51 59 61 63 04 : 09 40 63 64 66 17
09 40 63 64 66 17 : 01 02 18 23 61 09
01 02 18 23 61 09 : 08 10 29 40 59 26
08 10 29 40 59 26 : 04 09 16 54 68 21
04 09 16 54 68 21 : 19 42 45 48 53 16
19 42 45 48 53 16 : 29 37 46 53 68 08
29 37 46 53 68 08 : 10 22 32 36 58 10
10 22 32 36 58 10 : 14 46 61 65 68 13
14 46 61 65 68 13 : 10 13 32 53 62 21
10 13 32 53 62 21 : 05 22 43 57 63 24
05 22 43 57 63 24 : 05 21 57 66 69 13
05 21 57 66 69 13 : 03 09 21 41 54 25
03 09 21 41 54 25 : 04 33 39 46 60 06
04 33 39 46 60 06 : 05 10 28 55 67 09
05 10 28 55 67 09 : 28 32 33 38 62 15
28 32 33 38 62 15 : 05 22 45 47 54 03
05 22 45 47 54 03 : 04 11 39 45 48 09
04 11 39 45 48 09 : 17 20 32 63 68 19
17 20 32 63 68 19 : 29 31 46 56 62 08
29 31 46 56 62 08 : 11 21 31 41 59 21
11 21 31 41 59 21 : 17 18 49 59 66 09
17 18 49 59 66 09 : 22 23 24 45 62 05
22 23 24 45 62 05 : 01 15 18 26 51 26
01 15 18 26 51 26 : 21 39 41 48 63 06
21 39 41 48 63 06 : 01 19 37 40 52 15
01 19 37 40 52 15 : 05 22 26 45 61 13
05 22 26 45 61 13 : 08 14 61 63 68 24
08 14 61 63 68 24 : 23 36 51 53 60 15
23 36 51 53 60 15 : 08 20 46 53 54 13
08 20 46 53 54 13 : 09 32 36 44 65 01
09 32 36 44 65 01 : 08 15 31 36 62 11
08 15 31 36 62 11 : 18 31 32 45 48 16
18 31 32 45 48 16 : 02 09 27 29 42 09
02 09 27 29 42 09 : 13 25 44 54 67 05
13 25 44 54 67 05 : 16 30 41 48 53 16
16 30 41 48 53 16 : 01 26 41 50 57 11
01 26 41 50 57 11 : 23 33 42 46 59 04
23 33 42 46 59 04 : 02 18 19 22 63 19
02 18 19 22 63 19 : 10 16 40 52 55 17
10 16 40 52 55 17 : 06 32 47 62 65 19
06 32 47 62 65 19 : 10 13 28 52 61 02
10 13 28 52 61 02 : 03 07 09 31 33 20
03 07 09 31 33 20 : 05 28 33 38 42 19
05 28 33 38 42 19 : 05 09 17 37 64 02
05 09 17 37 64 02 : 14 20 42 49 66 05
14 20 42 49 66 05 : 06 13 16 17 52 25
06 13 16 17 52 25 : 09 43 57 60 64 10
09 43 57 60 64 10 : 12 20 39 49 69 17
12 20 39 49 69 17 : 18 28 62 66 68 22
18 28 62 66 68 22 : 23 25 45 52 67 02
23 25 45 52 67 02 : 09 40 41 53 58 12
09 40 41 53 58 12 : 23 55 59 64 69 13
23 55 59 64 69 13 : 01 03 13 16 43 24
01 03 13 16 43 24 : 03 12 24 37 63 10
03 12 24 37 63 10 : 16 17 29 41 42 04
16 17 29 41 42 04 : 01 03 28 57 67 09
01 03 28 57 67 09 : 16 23 30 44 58 04
16 23 30 44 58 04 : 28 38 42 51 52 21
28 38 42 51 52 21 : 25 33 40 54 68 03
25 33 40 54 68 03 : 01 08 16 40 48 10
01 08 16 40 48 10 : 18 26 37 39 66 15
18 26 37 39 66 15 : 12 21 32 44 66 15
12 21 32 44 66 15 : 41 48 49 53 64 20
41 48 49 53 64 20 : 08 10 26 27 33 22
08 10 26 27 33 22 : 03 14 18 25 45 07
03 14 18 25 45 07 : 17 19 21 37 44 16
17 19 21 37 44 16 : 07 32 41 47 61 03
07 32 41 47 61 03 : 16 24 28 43 61 21
16 24 28 43 61 21 : 28 41 61 63 65 07
28 41 61 63 65 07 : 08 17 20 27 52 24
08 17 20 27 52 24 : 01 25 28 31 54 02
01 25 28 31 54 02 : 21 31 50 51 69 08
21 31 50 51 69 08 : 13 18 37 54 61 05
13 18 37 54 61 05 : 19 20 21 42 48 23
19 20 21 42 48 23 : 02 03 16 48 56 24
02 03 16 48 56 24 : 01 28 33 55 56 22
01 28 33 55 56 22 : 10 16 38 43 63 23
10 16 38 43 63 23 : 23 49 57 64 67 20
23 49 57 64 67 20 : 16 30 34 37 44 16
16 30 34 37 44 16 : 03 54 61 64 68 09
03 54 61 64 68 09 : 08 18 27 29 60 15
08 18 27 29 60 15 : 02 12 50 61 64 01
02 12 50 61 64 01 : 30 38 52 53 62 01
30 38 52 53 62 01 : 07 15 20 29 41 22
07 15 20 29 41 22 : 01 28 63 67 69 17
01 28 63 67 69 17 : 09 19 51 55 62 14
09 19 51 55 62 14 : 10 11 23 28 31 14
10 11 23 28 31 14 : 03 17 49 55 68 08
03 17 49 55 68 08 : 22 23 29 33 55 21
22 23 29 33 55 21 : 07 39 50 59 67 25
07 39 50 59 67 25 : 05 10 24 56 61 12
05 10 24 56 61 12 : 04 32 48 49 63 20
04 32 48 49 63 20 : 09 11 25 64 65 16
09 11 25 64 65 16 : 03 06 21 60 68 24
03 06 21 60 68 24 : 33 44 49 50 52 08
33 44 49 50 52 08 : 38 44 60 64 69 06
38 44 60 64 69 06 : 23 56 61 64 67 12
23 56 61 64 67 12 : 20 33 36 47 52 12
20 33 36 47 52 12 : 09 11 27 66 67 02
09 11 27 66 67 02 : 11 17 21 23 32 05
11 17 21 23 32 05 : 10 47 50 65 68 24
10 47 50 65 68 24 : 05 07 23 35 39 11
05 07 23 35 39 11 : 06 25 35 58 66 05
06 25 35 58 66 05 : 11 17 40 50 62 26
11 17 40 50 62 26 : 03 15 29 54 57 10
03 15 29 54 57 10 : 10 28 32 61 64 12
10 28 32 61 64 12 : 02 24 31 57 66 18
02 24 31 57 66 18 : 10 34 39 59 63 04
10 34 39 59 63 04 : 23 29 37 60 64 06
23 29 37 60 64 06 : 03 27 36 56 69 25
03 27 36 56 69 25 : 14 40 42 43 52 17
14 40 42 43 52 17 : 02 23 41 53 63 11
02 23 41 53 63 11 : 04 22 24 31 33 10
04 22 24 31 33 10 : 20 27 36 41 58 07
20 27 36 41 58 07 : 12 25 37 60 69 20
12 25 37 60 69 20 : 16 20 22 43 64 17
16 20 22 43 64 17 : 23 30 33 40 69 12
23 30 33 40 69 12 : 06 33 34 58 59 12
06 33 34 58 59 12 : 11 24 41 59 64 15
11 24 41 59 64 15 : 05 07 09 23 32 26
05 07 09 23 32 26 : 23 25 39 54 67 11
23 25 39 54 67 11 : 13 27 47 64 65 09
13 27 47 64 65 09 : 20 32 52 66 69 23
20 32 52 66 69 23 : 05 25 26 44 66 09
05 25 26 44 66 09 : 30 47 57 66 69 03
30 47 57 66 69 03 : 03 12 16 32 34 14
03 12 16 32 34 14 : 02 25 33 39 64 17
02 25 33 39 64 17 : 19 35 46 59 62 13
19 35 46 59 62 13 : 12 25 30 52 62 08
12 25 30 52 62 08 : 03 18 25 32 51 03
03 18 25 32 51 03 : 30 33 35 38 64 22
30 33 35 38 64 22 : 14 22 23 41 61 09
14 22 23 41 61 09 : 04 28 49 60 65 25
04 28 49 60 65 25 : 09 28 30 40 61 03
09 28 30 40 61 03 : 24 44 53 55 63 19
24 44 53 55 63 19 : 11 23 42 52 68 06
11 23 42 52 68 06 : 05 08 15 22 49 25
05 08 15 22 49 25 : 11 23 43 54 60 03
11 23 43 54 60 03 : 10 12 13 46 50 21
10 12 13 46 50 21 : 11 28 50 57 62 23
11 28 50 57 62 23 : 14 23 32 34 68 03
14 23 32 34 68 03 : 03 27 34 59 69 19
03 27 34 59 69 19 : 12 13 44 52 62 06
12 13 44 52 62 06 : 10 11 21 22 53 18
10 11 21 22 53 18 : 21 31 64 65 67 05
21 31 64 65 67 05 : 11 12 15 16 54 25
11 12 15 16 54 25 : 07 17 27 29 40 25
07 17 27 29 40 25 : 07 15 18 19 36 20
07 15 18 19 36 20 : 02 03 40 50 62 05
02 03 40 50 62 05 : 04 13 31 36 52 08
04 13 31 36 52 08 : 26 28 31 60 67 23
26 28 31 60 67 23 : 05 12 16 31 43 18
05 12 16 31 43 18 : 03 12 40 52 67 21
03 12 40 52 67 21 : 22 32 34 40 69 19
22 32 34 40 69 19 : 05 39 44 47 69 24
05 39 44 47 69 24 : 03 51 52 61 64 06
03 51 52 61 64 06 : 04 08 19 27 34 10
04 08 19 27 34 10 : 16 19 32 34 57 13
16 19 32 34 57 13 : 02 11 47 62 63 17
02 11 47 62 63 17 : 05 06 15 29 42 10
05 06 15 29 42 10 : 12 36 38 54 61 22
12 36 38 54 61 22 : 27 40 44 59 65 20
27 40 44 59 65 20 : 16 38 55 63 67 25
16 38 55 63 67 25 : 28 30 41 59 68 10
28 30 41 59 68 10 : 09 10 32 42 55 06
09 10 32 42 55 06 : 02 14 19 30 62 22
02 14 19 30 62 22 : 07 10 16 46 56 01
07 10 16 46 56 01 : 13 27 33 47 68 13
13 27 33 47 68 13 : 14 18 19 32 64 09
14 18 19 32 64 09 : 02 06 47 66 67 02
02 06 47 66 67 02 : 16 29 53 58 69 21
16 29 53 58 69 21 : 37 47 50 52 57 21
37 47 50 52 57 21 : 17 40 41 46 69 06
17 40 41 46 69 06 : 14 22 37 45 66 05
14 22 37 45 66 05 : 04 26 32 55 64 18
04 26 32 55 64 18 : 07 16 25 50 53 15
07 16 25 50 53 15 : 02 12 17 20 65 17
02 12 17 20 65 17 : 09 20 25 47 68 07
09 20 25 47 68 07 : 04 54 56 62 63 10
04 54 56 62 63 10 : 20 31 56 60 64 02
20 31 56 60 64 02 : 30 32 42 56 57 11
30 32 42 56 57 11 : 48 49 57 62 69 19
48 49 57 62 69 19 : 15 20 29 31 40 01
15 20 29 31 40 01 : 12 27 29 43 68 01
12 27 29 43 68 01 : 18 30 40 48 52 09
18 30 40 48 52 09 : 06 26 33 44 46 04
06 26 33 44 46 04 : 21 39 40 55 59 17
21 39 40 55 59 17 : 23 31 42 50 57 05
23 31 42 50 57 05 : 08 29 41 51 58 05
08 29 41 51 58 05 : 12 17 26 43 48 24
12 17 26 43 48 24 : 05 07 24 31 39 07
05 07 24 31 39 07 : 02 03 13 16 35 27
02 03 13 16 35 27 : 44 45 47 50 51 08
44 45 47 50 51 08 : 10 16 18 29 45 19
10 16 18 29 45 19 : 17 22 30 46 56 16
17 22 30 46 56 16 : 18 21 25 28 29 16
18 21 25 28 29 16 : 02 22 32 45 56 12
02 22 32 45 56 12 : 04 12 14 21 55 07
04 12 14 21 55 07 : 06 08 43 48 50 07
06 08 43 48 50 07 : 03 13 17 42 52 24
03 13 17 42 52 24 : 08 13 29 38 52 28
08 13 29 38 52 28 : 09 34 48 52 54 15
09 34 48 52 54 15 : 09 11 14 16 42 19
09 11 14 16 42 19 : 07 13 24 49 57 15
07 13 24 49 57 15 : 04 22 27 28 52 35
04 22 27 28 52 35 : 27 29 34 41 44 02
27 29 34 41 44 02 : 12 31 43 44 57 11
12 31 43 44 57 11 : 06 37 39 45 55 33
06 37 39 45 55 33 : 13 16 34 45 50 11
13 16 34 45 50 11 : 11 39 46 52 54 03
11 39 46 52 54 03 : 04 15 25 27 30 18
04 15 25 27 30 18 : 03 06 14 18 24 21
03 06 14 18 24 21 : 07 24 26 31 41 25
07 24 26 31 41 25 : 18 28 35 46 49 27
18 28 35 46 49 27 : 03 05 10 22 32 07
03 05 10 22 32 07 : 09 10 16 20 57 15
09 10 16 20 57 15 : 20 21 22 41 54 07
20 21 22 41 54 07 : 29 41 48 52 54 29
29 41 48 52 54 29 : 31 32 48 49 53 25
31 32 48 49 53 25 : 08 13 18 27 43 15
08 13 18 27 43 15 : 06 08 13 37 40 11
06 08 13 37 40 11 : 08 09 25 56 57 22
08 09 25 56 57 22 : 08 15 34 53 59 23
08 15 34 53 59 23 : 09 15 17 31 43 16
09 15 17 31 43 16 : 01 12 28 35 44 25
01 12 28 35 44 25 : 24 29 38 48 52 32
24 29 38 48 52 32 : 01 25 29 31 47 07
01 25 29 31 47 07 : 04 15 17 35 58 17
04 15 17 35 58 17 : 23 24 27 39 41 30
23 24 27 39 41 30 : 02 06 11 30 31 33
02 06 11 30 31 33 : 01 26 34 38 51 06
01 26 34 38 51 06 : 21 33 35 38 45 12
21 33 35 38 45 12 : 10 14 25 39 53 18
10 14 25 39 53 18 : 13 22 23 29 31 17
13 22 23 29 31 17 : 01 16 21 29 40 30
01 16 21 29 40 30 : 01 12 32 42 58 12
01 12 32 42 58 12 : 01 19 45 46 58 29
01 19 45 46 58 29 : 33 39 40 41 54 28
33 39 40 41 54 28 : 02 30 33 39 44 01
02 30 33 39 44 01 : 02 04 06 12 38 17
02 04 06 12 38 17 : 07 19 23 50 54 14
07 19 23 50 54 14 : 11 16 30 38 42 07
11 16 30 38 42 07 : 14 25 30 33 47 08
14 25 30 33 47 08 : 08 14 39 46 47 18
08 14 39 46 47 18 : 11 24 31 40 44 27
11 24 31 40 44 27 : 34 36 38 42 50 33
34 36 38 42 50 33 : 08 12 15 35 50 32
08 12 15 35 50 32 : 11 17 25 28 46 12
11 17 25 28 46 12 : 17 19 21 32 39 08
17 19 21 32 39 08 : 10 14 18 34 51 26
10 14 18 34 51 26 : 01 09 29 32 49 22
01 09 29 32 49 22 : 01 24 44 45 51 28
01 24 44 45 51 28 : 11 13 25 39 54 19
11 13 25 39 54 19 : 05 10 21 34 58 33
05 10 21 34 58 33 : 24 36 51 52 56 22
24 36 51 52 56 22 : 05 11 16 26 50 34
05 11 16 26 50 34 : 12 24 35 36 49 01
12 24 35 36 49 01 : 16 19 20 29 33 10
16 19 20 29 33 10 : 11 12 15 28 57 23
11 12 15 28 57 23 : 15 16 23 27 36 09
15 16 23 27 36 09 : 02 04 10 41 53 22
02 04 10 41 53 22 : 02 09 19 28 29 19
02 09 19 28 29 19 : 14 15 47 49 59 10
14 15 47 49 59 10 : 04 18 43 46 55 25
04 18 43 46 55 25 : 17 27 37 40 53 35
17 27 37 40 53 35 : 07 10 11 14 36 15
07 10 11 14 36 15 : 11 12 46 47 50 22
11 12 46 47 50 22 : 14 15 19 31 56 05
14 15 19 31 56 05 : 22 31 38 47 48 15
22 31 38 47 48 15 : 05 13 28 43 55 33
05 13 28 43 55 33 : 34 44 48 54 55 10
34 44 48 54 55 10 : 12 15 22 43 49 14
12 15 22 43 49 14 : 25 30 32 46 54 26
25 30 32 46 54 26 : 13 24 30 42 48 27
13 24 30 42 48 27 : 16 17 22 46 54 35
16 17 22 46 54 35 : 23 49 53 54 57 35
23 49 53 54 57 35 : 06 36 38 48 51 17
06 36 38 48 51 17 : 13 16 33 35 51 28
13 16 33 35 51 28 : 37 39 51 52 55 11
37 39 51 52 55 11 : 09 19 33 38 54 15
09 19 33 38 54 15 : 02 11 19 21 42 34
02 11 19 21 42 34 : 01 03 13 25 38 17
01 03 13 25 38 17 : 25 28 48 57 59 16
25 28 48 57 59 16 : 06 10 51 54 57 12
06 10 51 54 57 12 : 29 30 40 42 50 16
29 30 40 42 50 16 : 20 26 27 36 54 19
20 26 27 36 54 19 : 05 07 19 27 28 20
05 07 19 27 28 20 : 10 19 37 38 39 28
10 19 37 38 39 28 : 05 16 31 46 50 18
05 16 31 46 50 18 : 13 18 24 25 33 31
13 18 24 25 33 31 : 01 04 18 20 45 07
01 04 18 20 45 07 : 02 11 35 52 54 13
02 11 35 52 54 13 : 07 14 21 24 41 26
07 14 21 24 41 26 : 22 23 30 37 39 16
22 23 30 37 39 16 : 18 25 36 48 50 23
18 25 36 48 50 23 : 01 06 16 37 53 27
01 06 16 37 53 27 : 02 14 39 40 43 13
02 14 39 40 43 13 : 09 29 31 43 50 18
09 29 31 43 50 18 : 02 16 43 45 51 35
02 16 43 45 51 35 : 05 28 31 52 59 27
05 28 31 52 59 27 : 17 24 26 45 46 19
17 24 26 45 46 19 : 28 32 35 36 52 31
28 32 35 36 52 31 : 04 08 21 38 40 03
04 08 21 38 40 03 : 07 08 17 48 59 09
07 08 17 48 59 09 : 08 37 39 40 52 24
08 37 39 40 52 24 : 03 12 31 34 51 24
03 12 31 34 51 24 : 01 08 24 28 49 24
01 08 24 28 49 24 : 12 26 44 46 47 29
12 26 44 46 47 29 : 13 30 42 49 53 29
13 30 42 49 53 29 : 24 28 30 38 39 16
24 28 30 38 39 16 : 04 10 12 22 31 03
04 10 12 22 31 03 : 10 17 25 45 53 09
10 17 25 45 53 09 : 05 15 18 26 32 35
05 15 18 26 32 35 : 02 03 07 23 51 26
02 03 07 23 51 26 : 09 25 42 55 57 14
09 25 42 55 57 14 : 24 34 36 57 58 11
24 34 36 57 58 11 : 08 18 45 53 58 35
08 18 45 53 58 35 : 10 20 25 50 53 35
10 20 25 50 53 35 : 05 06 37 41 54 26
05 06 37 41 54 26 : 06 09 29 52 59 07
06 09 29 52 59 07 : 09 33 42 45 54 30
09 33 42 45 54 30 : 14 18 25 33 49 23
14 18 25 33 49 23 : 28 30 35 58 59 15
28 30 35 58 59 15 : 01 07 10 22 49 24
01 07 10 22 49 24 : 15 27 31 34 48 01
15 27 31 34 48 01 : 02 24 28 32 59 25
02 24 28 32 59 25 : 15 16 28 49 55 18
15 16 28 49 55 18 : 04 20 34 39 58 31
04 20 34 39 58 31 : 23 32 39 47 49 22
23 32 39 47 49 22 : 07 33 39 52 55 33
07 33 39 52 55 33 : 04 31 41 47 55 01
04 31 41 47 55 01 : 17 29 31 48 49 34
17 29 31 48 49 34 : 05 15 16 46 49 26
05 15 16 46 49 26 : 02 09 11 19 50 32
02 09 11 19 50 32 : 03 07 22 30 33 20
03 07 22 30 33 20 : 19 25 29 36 48 12
19 25 29 36 48 12 : 05 06 29 35 51 21
05 06 29 35 51 21 : 34 39 42 44 59 08
34 39 42 44 59 08 : 14 26 45 54 55 20
14 26 45 54 55 20 : 09 14 44 48 49 29
09 14 44 48 49 29 : 11 21 26 33 34 29
11 21 26 33 34 29 : 08 13 19 22 53 24
08 13 19 22 53 24 : 02 03 12 27 38 17
02 03 12 27 38 17 : 28 33 41 44 59 21
28 33 41 44 59 21 : 13 28 31 55 58 15
13 28 31 55 58 15 : 02 19 23 34 43 14
02 19 23 34 43 14 : 02 05 34 51 58 09
02 05 34 51 58 09 : 14 15 28 37 54 10
14 15 28 37 54 10 : 10 14 24 32 41 30
10 14 24 32 41 30 : 03 07 09 26 54 19
03 07 09 26 54 19 : 03 08 25 30 47 13
03 08 25 30 47 13 : 11 12 17 38 42 02
11 12 17 38 42 02 : 02 03 13 14 54 04
02 03 13 14 54 04 : 01 17 35 49 54 34
01 17 35 49 54 34 : 02 09 14 21 23 03
02 09 14 21 23 03 : 36 44 49 52 57 01
36 44 49 52 57 01 : 24 25 34 37 54 29
24 25 34 37 54 29 : 08 17 32 57 59 24
08 17 32 57 59 24 : 05 12 15 27 38 07
05 12 15 27 38 07 : 11 23 28 32 47 20
11 23 28 32 47 20 : 08 12 18 55 57 02
08 12 18 55 57 02 : 01 02 07 09 55 29
01 02 07 09 55 29 : 13 14 19 31 38 25
13 14 19 31 38 25 : 07 08 09 24 29 25
07 08 09 24 29 25 : 10 15 33 48 54 34
10 15 33 48 54 34 : 10 28 39 47 58 22
10 28 39 47 58 22 : 19 20 37 41 58 14
19 20 37 41 58 14 : 15 24 40 48 52 23
15 24 40 48 52 23 : 08 35 44 51 56 18
08 35 44 51 56 18 : 23 28 38 39 56 32
23 28 38 39 56 32 : 25 36 40 45 51 08
25 36 40 45 51 08 : 07 24 37 39 40 01
07 24 37 39 40 01 : 14 25 32 33 41 34
14 25 32 33 41 34 : 01 10 13 18 19 27
01 10 13 18 19 27 : 13 20 32 45 48 17
13 20 32 45 48 17 : 06 09 11 31 44 25
06 09 11 31 44 25 : 05 26 44 45 57 29
05 26 44 45 57 29 : 18 25 50 55 57 17
18 25 50 55 57 17 : 05 12 43 52 55 10
05 12 43 52 55 10 : 04 18 23 32 45 07
04 18 23 32 45 07 : 10 29 37 44 59 10
10 29 37 44 59 10 : 05 31 50 55 56 09
05 31 50 55 56 09 : 03 09 37 49 56 32
03 09 37 49 56 32 : 01 05 10 15 49 22
01 05 10 15 49 22 : 13 23 24 27 40 17
13 23 24 27 40 17 : 02 36 40 49 54 10
02 36 40 49 54 10 : 04 06 34 49 56 29
04 06 34 49 56 29 : 03 23 31 34 47 13
03 23 31 34 47 13 : 09 33 54 56 57 05
09 33 54 56 57 05 : 03 26 28 34 42 28
03 26 28 34 42 28 : 08 10 26 57 58 04
08 10 26 57 58 04 : 03 09 19 33 38 18
03 09 19 33 38 18 : 11 12 17 39 40 05
11 12 17 39 40 05 : 04 06 25 42 51 17
04 06 25 42 51 17 : 14 47 52 53 54 05
14 47 52 53 54 05 : 02 07 17 49 53 23
02 07 17 49 53 23 : 12 17 45 54 58 13
12 17 45 54 58 13 : 07 10 22 32 35 19
07 10 22 32 35 19 : 01 17 25 37 44 20
01 17 25 37 44 20 : 11 19 33 42 52 33
11 19 33 42 52 33 : 02 19 22 26 45 24
02 19 22 26 45 24 : 02 09 26 45 47 11
02 09 26 45 47 11 : 02 07 25 40 56 20
02 07 25 40 56 20 : 06 07 09 19 32 13
06 07 09 19 32 13 : 12 17 25 45 59 19
12 17 25 45 59 19 : 30 40 42 46 48 23
30 40 42 46 48 23 : 18 21 46 54 56 23
18 21 46 54 56 23 : 04 11 17 43 51 20
04 11 17 43 51 20 : 04 12 14 37 58 13
04 12 14 37 58 13 : 05 25 30 58 59 32
05 25 30 58 59 32 : 21 24 36 42 45 15
21 24 36 42 45 15 : 08 24 39 49 59 05
08 24 39 49 59 05 : 09 23 40 53 58 06
09 23 40 53 58 06 : 09 29 40 44 54 07
09 29 40 44 54 07 : 14 25 27 38 58 06
14 25 27 38 58 06 : 01 22 34 38 42 17
01 22 34 38 42 17 : 02 08 22 35 37 06
02 08 22 35 37 06 : 30 31 45 55 59 27
30 31 45 55 59 27 : 02 13 35 36 52 11
02 13 35 36 52 11 : 03 06 29 40 51 04
03 06 29 40 51 04 : 08 28 30 53 56 16
08 28 30 53 56 16 : 01 18 33 39 46 33
01 18 33 39 46 33 : 13 19 23 33 57 28
13 19 23 33 57 28 : 07 46 47 52 57 17
07 46 47 52 57 17 : 28 36 40 48 55 01
28 36 40 48 55 01 : 16 22 23 42 55 32
16 22 23 42 55 32 : 02 11 22 26 32 19
02 11 22 26 32 19 : 04 26 33 36 55 32
04 26 33 36 55 32 : 22 28 33 53 59 14
22 28 33 53 59 14 : 09 14 17 49 57 02
09 14 17 49 57 02 : 02 06 19 21 27 25
02 06 19 21 27 25 : 09 31 35 41 57 26
09 31 35 41 57 26 : 10 13 14 22 52 11
10 13 14 22 52 11 : 02 11 26 34 41 32
02 11 26 34 41 32 : 06 13 19 23 43 16
06 13 19 23 43 16 : 21 22 26 30 57 27
21 22 26 30 57 27 : 07 12 26 36 40 17
07 12 26 36 40 17 : 22 26 31 54 55 18
22 26 31 54 55 18 : 03 23 48 54 55 05
03 23 48 54 55 05 : 09 19 31 56 59 02
09 19 31 56 59 02 : 06 08 30 39 48 20
06 08 30 39 48 20 : 13 18 36 48 58 28
13 18 36 48 58 28 : 10 12 31 56 57 33
10 12 31 56 57 33 : 01 36 40 52 53 20
01 36 40 52 53 20 : 04 07 08 29 39 24
04 07 08 29 39 24 : 01 06 08 12 35 03
01 06 08 12 35 03 : 11 23 26 46 55 27
11 23 26 46 55 27 : 07 37 43 48 52 16
07 37 43 48 52 16 : 17 29 31 52 53 31
17 29 31 52 53 31 : 13 14 17 43 54 15
13 14 17 43 54 15 : 03 07 21 44 53 16
03 07 21 44 53 16 : 05 09 28 32 38 29
05 09 28 32 38 29 : 10 37 40 46 52 12
10 37 40 46 52 12 : 06 10 23 41 45 01
06 10 23 41 45 01 : 03 08 13 41 56 16
03 08 13 41 56 16 : 03 14 20 34 48 21
03 14 20 34 48 21 : 02 05 31 39 41 29
02 05 31 39 41 29 : 03 17 19 25 32 17
03 17 19 25 32 17 : 15 16 46 50 58 29
15 16 46 50 58 29 : 12 23 25 27 43 29
12 23 25 27 43 29 : 05 06 16 36 58 03
05 06 16 36 58 03 : 05 27 36 38 41 12
05 27 36 38 41 12 : 11 16 33 40 41 34
11 16 33 40 41 34 : 14 16 32 47 52 16
14 16 32 47 52 16 : 03 22 26 41 49 18
03 22 26 41 49 18 : 11 12 24 43 45 09
11 12 24 43 45 09 : 08 28 29 34 38 35
08 28 29 34 38 35 : 09 21 28 32 51 35
09 21 28 32 51 35 : 10 14 21 23 47 07
10 14 21 23 47 07 : 11 13 20 27 59 26
11 13 20 27 59 26 : 26 30 49 51 54 25
26 30 49 51 54 25 : 18 20 28 35 53 20
18 20 28 35 53 20 : 36 46 50 52 55 14
36 46 50 52 55 14 : 11 13 23 43 54 04
11 13 23 43 54 04 : 01 18 35 39 44 11
01 18 35 39 44 11 : 05 08 20 23 30 03
05 08 20 23 30 03 : 15 23 40 44 55 14
15 23 40 44 55 14 : 08 10 25 36 44 28
08 10 25 36 44 28 : 07 23 26 40 53 21
07 23 26 40 53 21 : 13 17 19 27 38 12
13 17 19 27 38 12 : 03 10 19 36 46 03
03 10 19 36 46 03 : 05 16 22 23 29 06
05 16 22 23 29 06 : 22 32 37 44 50 34
22 32 37 44 50 34 : 08 18 24 30 39 26
08 18 24 30 39 26 : 03 15 27 58 59 20
03 15 27 58 59 20 : 08 10 30 44 58 13
08 10 30 44 58 13 : 32 42 50 54 55 32
32 42 50 54 55 32 : 32 34 45 52 58 20
32 34 45 52 58 20 : 04 07 09 30 54 25
04 07 09 30 54 25 : 01 27 31 45 48 05
01 27 31 45 48 05 : 22 32 34 36 56 33
22 32 34 36 56 33 : 03 18 21 23 50 04
03 18 21 23 50 04 : 04 21 28 31 44 10
04 21 28 31 44 10 : 01 07 10 23 42 35
01 07 10 23 42 35 : 02 05 25 26 49 18
02 05 25 26 49 18 : 18 26 29 35 43 28
18 26 29 35 43 28 : 15 26 34 36 59 35
15 26 34 36 59 35 : 17 23 36 55 59 10
17 23 36 55 59 10 : 14 18 28 29 57 08
14 18 28 29 57 08 : 13 26 39 41 42 10
13 26 39 41 42 10 : 02 16 18 40 42 33
02 16 18 40 42 33 : 01 05 08 39 50 23
01 05 08 39 50 23 : 03 20 26 43 48 01
03 20 26 43 48 01 : 24 33 36 48 56 06
24 33 36 48 56 06 : 06 20 34 44 48 29
06 20 34 44 48 29 : 04 19 26 42 51 29
04 19 26 42 51 29 : 08 11 21 44 49 22
08 11 21 44 49 22 : 25 28 49 54 56 28
25 28 49 54 56 28 : 01 06 07 20 49 23
01 06 07 20 49 23 : 22 29 31 47 55 19
22 29 31 47 55 19 : 14 26 41 55 59 01
14 26 41 55 59 01 : 06 27 46 51 56 21
06 27 46 51 56 21 : 04 13 39 46 51 01
04 13 39 46 51 01 : 03 07 11 15 28 12
03 07 11 15 28 12 : 19 30 48 53 55 18
19 30 48 53 55 18 : 03 16 48 56 58 04
03 16 48 56 58 04 : 05 06 13 36 50 13
05 06 13 36 50 13 : 03 14 35 38 46 16
03 14 35 38 46 16 : 09 31 38 54 56 20
09 31 38 54 56 20 : 02 05 20 23 57 03
02 05 20 23 57 03 : 04 16 32 37 46 13
04 16 32 37 46 13 : 05 22 36 49 55 23
05 22 36 49 55 23 : 03 05 29 39 59 29
03 05 29 39 59 29 : 14 19 35 39 56 33
14 19 35 39 56 33 : 07 15 20 41 44 22
07 15 20 41 44 22 : 06 34 40 46 58 06
06 34 40 46 58 06 : 01 03 41 44 53 30
01 03 41 44 53 30 : 11 17 29 56 57 14
11 17 29 56 57 14 : 08 14 15 16 27 26
08 14 15 16 27 26 : 07 10 14 33 57 18
07 10 14 33 57 18 : 18 22 45 56 57 27
18 22 45 56 57 27 : 19 30 33 48 59 27
19 30 33 48 59 27 : 09 10 17 29 45 33
09 10 17 29 45 33 : 09 10 24 52 56 14
09 10 24 52 56 14 : 13 14 41 49 59 14
13 14 41 49 59 14 : 04 07 26 53 59 32
04 07 26 53 59 32 : 08 13 35 46 51 30
08 13 35 46 51 30 : 03 07 21 28 43 02
03 07 21 28 43 02 : 10 24 35 53 58 22
10 24 35 53 58 22 : 01 07 11 55 56 01
01 07 11 55 56 01 : 09 12 20 44 59 23
09 12 20 44 59 23 : 07 08 33 38 50 29
07 08 33 38 50 29 : 31 39 40 57 58 33
31 39 40 57 58 33 : 04 25 29 34 43 29
04 25 29 34 43 29 : 06 08 20 42 51 16
06 08 20 42 51 16 : 20 22 39 46 49 29
20 22 39 46 49 29 : 14 15 16 19 24 02
14 15 16 19 24 02 : 16 23 42 44 47 02
16 23 42 44 47 02 : 05 13 17 20 30 18
05 13 17 20 30 18 : 01 24 33 45 49 06
01 24 33 45 49 06 : 05 14 36 54 58 27
05 14 36 54 58 27 : 11 16 29 50 58 33
11 16 29 50 58 33 : 01 15 35 37 47 08
01 15 35 37 47 08 : 32 43 53 55 56 06
32 43 53 55 56 06 : 11 14 49 55 58 30
11 14 49 55 58 30 : 01 08 41 46 59 24
01 08 41 46 59 24 : 05 14 17 20 41 05
05 14 17 20 41 05 : 12 35 45 46 47 12
12 35 45 46 47 12 : 29 30 45 47 49 35
29 30 45 47 49 35 : 01 04 11 23 26 14
01 04 11 23 26 14 : 06 11 42 53 54 07
06 11 42 53 54 07 : 07 16 17 39 51 32
07 16 17 39 51 32 : 23 28 50 56 59 05
23 28 50 56 59 05 : 11 12 32 52 56 11
11 12 32 52 56 11 : 01 10 37 52 57 11
01 10 37 52 57 11 : 17 28 38 39 51 33
17 28 38 39 51 33 : 15 23 43 45 56 07
15 23 43 45 56 07 : 08 13 17 34 59 35
08 13 17 34 59 35 : 05 33 41 54 59 13
05 33 41 54 59 13 : 04 19 28 29 47 05
04 19 28 29 47 05 : 12 24 43 44 45 07
12 24 43 44 45 07 : 06 29 34 44 50 28
06 29 34 44 50 28 : 10 30 36 38 41 01
10 30 36 38 41 01 : 05 19 29 45 47 25
05 19 29 45 47 25 : 03 21 24 38 39 24
03 21 24 38 39 24 : 21 35 46 47 50 02
21 35 46 47 50 02 : 05 23 25 28 40 34
05 23 25 28 40 34 : 16 21 27 41 45 14
16 21 27 41 45 14 : 14 16 30 51 52 19
14 16 30 51 52 19 : 10 13 15 31 54 18
10 13 15 31 54 18 : 13 28 49 51 59 33
13 28 49 51 59 33 : 02 24 46 52 56 19
02 24 46 52 56 19 : 04 19 33 41 59 09
04 19 33 41 59 09 : 03 14 20 39 40 37
03 14 20 39 40 37 : 05 18 33 43 45 08
05 18 33 43 45 08 : 02 06 34 35 47 22
02 06 34 35 47 22 : 20 37 39 45 55 28
20 37 39 45 55 28 : 04 30 35 57 59 25
04 30 35 57 59 25 : 09 16 17 28 30 11
09 16 17 28 30 11 : 13 22 25 39 51 28
13 22 25 39 51 28 : 04 35 36 51 56 08
04 35 36 51 56 08 : 05 35 57 58 59 12
05 35 57 58 59 12 : 02 33 39 40 43 26
02 33 39 40 43 26 : 12 14 34 39 46 36
12 14 34 39 46 36 : 11 16 40 51 56 38
11 16 40 51 56 38 : 01 18 21 39 55 06
01 18 21 39 55 06 : 03 08 23 30 58 13
03 08 23 30 58 13 : 16 26 35 52 58 02
16 26 35 52 58 02 : 05 10 24 38 43 01
05 10 24 38 43 01 : 10 12 23 43 47 18
10 12 23 43 47 18 : 03 27 35 37 45 31
03 27 35 37 45 31 : 07 20 43 46 54 17
07 20 43 46 54 17 : 01 12 23 27 43 31
01 12 23 27 43 31 : 30 41 50 51 53 08
30 41 50 51 53 08 : 03 04 12 27 44 26
03 04 12 27 44 26 : 12 47 48 52 55 13
12 47 48 52 55 13 : 06 20 22 32 43 11
06 20 22 32 43 11 : 16 41 42 50 59 05
16 41 42 50 59 05 : 04 19 22 32 53 24
04 19 22 32 53 24 : 03 05 18 27 54 13
03 05 18 27 54 13 : 15 25 52 53 54 02
15 25 52 53 54 02 : 13 19 35 47 57 29
13 19 35 47 57 29 : 02 12 25 54 58 14
02 12 25 54 58 14 : 09 13 47 49 53 39
09 13 47 49 53 39 : 02 17 23 28 47 36
02 17 23 28 47 36 : 18 28 31 48 52 37
18 28 31 48 52 37 : 09 12 35 50 58 04
09 12 35 50 58 04 : 11 18 36 41 46 38
11 18 36 41 46 38 : 25 30 54 57 59 06
25 30 54 57 59 06 : 13 19 21 28 49 11
13 19 21 28 49 11 : 20 40 41 47 55 19
20 40 41 47 55 19 : 38 40 41 51 59 33
38 40 41 51 59 33 : 01 07 27 38 48 30
01 07 27 38 48 30 : 01 04 38 40 42 17
01 04 38 40 42 17 : 24 28 48 50 54 25
24 28 48 50 54 25 : 08 18 19 32 54 08
08 18 19 32 54 08 : 01 09 11 23 31 06
01 09 11 23 31 06 : 11 15 24 50 55 08
11 15 24 50 55 08 : 01 11 18 29 51 32
01 11 18 29 51 32 : 24 30 45 57 59 26
24 30 45 57 59 26 : 18 36 39 41 57 12
18 36 39 41 57 12 : 12 15 19 46 59 12
12 15 19 46 59 12 : 12 21 22 38 41 18
12 21 22 38 41 18 : 19 20 38 41 43 29
19 20 38 41 43 29 : 16 18 27 36 50 08
16 18 27 36 50 08 : 14 37 44 45 53 29
14 37 44 45 53 29 : 17 19 39 41 58 21
17 19 39 41 58 21 : 08 18 38 46 56 31
08 18 38 46 56 31 : 12 20 43 51 55 11
12 20 43 51 55 11 : 04 23 31 42 50 23
04 23 31 42 50 23 : 02 08 40 49 50 36
02 08 40 49 50 36 : 07 12 13 42 49 16
07 12 13 42 49 16 : 08 17 18 40 44 16
08 17 18 40 44 16 : 09 17 32 43 45 31
09 17 32 43 45 31 : 02 11 27 47 55 15
02 11 27 47 55 15 : 03 15 27 29 41 24
03 15 27 29 41 24 : 06 13 15 32 41 03
06 13 15 32 41 03 : 04 24 40 44 55 05
04 24 40 44 55 05 : 03 11 47 48 58 19
03 11 47 48 58 19 : 09 24 34 36 43 27
09 24 34 36 43 27 : 21 33 44 45 55 07
21 33 44 45 55 07 : 04 23 39 49 50 39
04 23 39 49 50 39 : 05 14 32 53 56 11
05 14 32 53 56 11 : 10 18 41 55 56 15
10 18 41 55 56 15 : 06 22 34 43 45 23
06 22 34 43 45 23 : 19 20 42 56 58 37
19 20 42 56 58 37 : 04 10 11 19 33 27
04 10 11 19 33 27 : 05 15 26 28 32 09
05 15 26 28 32 09 : 03 11 20 27 46 08
03 11 20 27 46 08 : 28 39 40 48 53 09
28 39 40 48 53 09 : 01 04 12 41 47 03
01 04 12 41 47 03 : 12 20 28 40 48 08
12 20 28 40 48 08 : 02 23 31 42 48 21
02 23 31 42 48 21 : 07 31 50 51 58 06
07 31 50 51 58 06 : 04 13 17 21 45 10
04 13 17 21 45 10 : 29 32 36 39 49 29
29 32 36 39 49 29 : 03 12 34 37 42 36
03 12 34 37 42 36 : 09 13 21 23 48 24
09 13 21 23 48 24 : 11 32 36 48 52 19
11 32 36 48 52 19 : 07 11 39 42 51 30
07 11 39 42 51 30 : 15 37 41 56 59 05
15 37 41 56 59 05 : 03 14 33 53 57 36
03 14 33 53 57 36 : 24 28 45 49 52 02
24 28 45 49 52 02 : 04 05 36 47 58 06
04 05 36 47 58 06 : 30 31 34 45 51 23
30 31 34 45 51 23 : 22 36 51 56 59 32
22 36 51 56 59 32 : 09 13 22 23 37 31
09 13 22 23 37 31 : 19 21 23 40 48 27
19 21 23 40 48 27 : 06 07 26 33 52 24
06 07 26 33 52 24 : 22 26 32 38 40 07
22 26 32 38 40 07 : 18 22 37 47 54 36
18 22 37 47 54 36 : 03 16 18 20 37 30
03 16 18 20 37 30 : 01 17 38 50 52 24
01 17 38 50 52 24 : 11 33 44 46 47 12
11 33 44 46 47 12 : 04 11 19 33 43 14
04 11 19 33 43 14 : 10 11 18 32 45 18
10 11 18 32 45 18 : 01 08 10 19 20 23
01 08 10 19 20 23 : 08 11 25 41 58 16
08 11 25 41 58 16 : 13 24 27 31 42 22
13 24 27 31 42 22 : 05 10 11 12 20 02
05 10 11 12 20 02 : 10 30 37 47 54 39
10 30 37 47 54 39 : 08 20 21 32 37 04
08 20 21 32 37 04 : 10 12 38 53 57 01
10 12 38 53 57 01 : 14 16 53 54 59 05
14 16 53 54 59 05 : 17 30 48 51 54 29
17 30 48 51 54 29 : 05 08 11 40 44 10
05 08 11 40 44 10 : 07 12 23 34 38 33
07 12 23 34 38 33 : 34 38 39 45 50 33
34 38 39 45 50 33 : 01 07 27 36 49 39
01 07 27 36 49 39 : 20 24 25 53 59 15
20 24 25 53 59 15 : 02 07 16 20 46 34
02 07 16 20 46 34 : 07 17 20 39 59 17
07 17 20 39 59 17 : 11 12 15 16 28 11
11 12 15 16 28 11 : 12 22 32 34 46 02
12 22 32 34 46 02 : 02 06 32 42 49 35
02 06 32 42 49 35 : 14 26 37 41 46 24
14 26 37 41 46 24 : 12 20 30 36 47 25
12 20 30 36 47 25 : 13 44 51 52 55 30
13 44 51 52 55 30 : 08 16 27 35 42 30
08 16 27 35 42 30 : 10 24 36 52 55 15
10 24 36 52 55 15 : 01 18 37 39 44 13
01 18 37 39 44 13 : 07 20 21 34 43 34
07 20 21 34 43 34 : 07 17 20 36 59 33
07 17 20 36 59 33 : 10 35 39 51 57 20
10 35 39 51 57 20 : 11 14 22 33 42 38
11 14 22 33 42 38 : 17 20 21 40 51 19
17 20 21 40 51 19 : 04 22 27 32 56 13
04 22 27 32 56 13 : 16 17 29 31 36 23
16 17 29 31 36 23 : 07 10 12 22 27 26
07 10 12 22 27 26 : 04 32 33 47 55 39
04 32 33 47 55 39 : 09 33 36 50 58 31
09 33 36 50 58 31 : 07 10 22 23 52 29
07 10 22 23 52 29 : 04 22 26 31 52 30
04 22 26 31 52 30 : 19 28 30 37 53 36
19 28 30 37 53 36 : 01 16 17 41 57 15
01 16 17 41 57 15 : 01 11 20 25 27 02
01 11 20 25 27 02 : 20 30 38 46 59 27
20 30 38 46 59 27 : 16 22 30 51 58 25
16 22 30 51 58 25 : 22 27 35 37 45 03
22 27 35 37 45 03 : 20 21 23 38 42 06
20 21 23 38 42 06 : 20 21 27 28 56 04
20 21 27 28 56 04 : 10 41 44 48 56 04
10 41 44 48 56 04 : 03 10 14 52 53 03
03 10 14 52 53 03 : 06 38 43 47 48 27
06 38 43 47 48 27 : 13 30 32 38 57 25
13 30 32 38 57 25 : 11 30 45 47 48 10
11 30 45 47 48 10 : 09 30 31 50 54 39
09 30 31 50 54 39 : 08 11 18 29 36 06
08 11 18 29 36 06 : 09 12 13 35 38 30
09 12 13 35 38 30 : 14 22 27 32 49 05
14 22 27 32 49 05 : 18 34 40 48 59 25
18 34 40 48 59 25 : 04 09 14 39 43 38
04 09 14 39 43 38 : 01 03 24 28 41 10
01 03 24 28 41 10 : 01 06 10 13 20 32
01 06 10 13 20 32 : 19 20 40 47 57 29
19 20 40 47 57 29 : 02 07 29 55 58 27
02 07 29 55 58 27 : 15 21 23 28 36 20
15 21 23 28 36 20 : 37 51 52 53 58 38
37 51 52 53 58 38 : 05 22 34 41 57 31
05 22 34 41 57 31 : 13 34 40 47 57 11
13 34 40 47 57 11 : 16 23 25 49 58 20
16 23 25 49 58 20 : 12 22 25 28 44 24
12 22 25 28 44 24 : 01 12 53 56 57 05
01 12 53 56 57 05 : 11 34 41 49 55 20
11 34 41 49 55 20 : 05 21 22 41 49 15
05 21 22 41 49 15 : 06 14 32 38 52 20
06 14 32 38 52 20 : 21 22 49 52 58 34
21 22 49 52 58 34 : 04 36 40 44 52 33
04 36 40 44 52 33 : 10 15 31 52 59 04
10 15 31 52 59 04 : 05 13 17 45 54 12
05 13 17 45 54 12 : 07 21 32 44 52 10
07 21 32 44 52 10 : 14 20 24 39 49 07
14 20 24 39 49 07 : 09 36 39 44 45 09
09 36 39 44 45 09 : 24 26 45 48 55 08
24 26 45 48 55 08 : 06 16 20 31 36 08
06 16 20 31 36 08 : 17 21 37 41 50 01
17 21 37 41 50 01 : 10 29 33 41 59 15
10 29 33 41 59 15 : 07 09 14 45 49 23
07 09 14 45 49 23 : 18 47 51 53 58 30
18 47 51 53 58 30 : 04 17 35 50 57 12
04 17 35 50 57 12 : 13 27 37 41 54 32
13 27 37 41 54 32 : 07 08 19 26 36 15
07 08 19 26 36 15 : 10 14 30 40 51 01
10 14 30 40 51 01 : 05 08 29 37 38 34
05 08 29 37 38 34 : 14 22 52 54 59 04
14 22 52 54 59 04 : 17 22 36 37 52 24
17 22 36 37 52 24 : 35 36 47 61 63 03
35 36 47 61 63 03 : 16 23 28 40 63 01
16 23 28 40 63 01 : 12 17 20 21 26 08
12 17 20 21 26 08 : 01 19 20 38 54 17
01 19 20 38 54 17 : 04 10 37 39 69 24
04 10 37 39 69 24 : 11 13 55 56 69 04
11 13 55 56 69 04 : 03 19 27 37 40 08
03 19 27 37 40 08 : 02 08 21 34 62 16
02 08 21 34 62 16 : 11 13 22 27 46 20
11 13 22 27 46 20 : 06 07 11 66 67 19
06 07 11 66 67 19 : 44 52 54 64 69 26
44 52 54 64 69 26 : 08 25 34 38 41 10
08 25 34 38 41 10 : 19 29 34 44 50 25
19 29 34 44 50 25 : 04 22 35 38 39 20
04 22 35 38 39 20 : 13 20 40 51 63 01
13 20 40 51 63 01 : 08 31 39 43 60 17
08 31 39 43 60 17 : 24 29 50 65 66 14
24 29 50 65 66 14 : 26 40 41 55 65 24
26 40 41 55 65 24 : 08 21 30 49 57 08
08 21 30 49 57 08 : 01 05 29 54 62 03
01 05 29 54 62 03 : 33 46 52 59 62 10
33 46 52 59 62 10 : 15 22 38 54 66 03
15 22 38 54 66 03 : 27 28 44 67 68 11
27 28 44 67 68 11 : 01 04 11 59 67 10
01 04 11 59 67 10 : 25 30 53 59 60 05
25 30 53 59 60 05 : 01 21 22 34 47 04
01 21 22 34 47 04 : 05 21 32 36 58 14
05 21 32 36 58 14 : 07 24 36 54 60 23
07 24 36 54 60 23 : 12 18 20 29 30 16
12 18 20 29 30 16 : 06 21 49 65 67 18
06 21 49 65 67 18 : 35 36 51 55 61 26
35 36 51 55 61 26 : 16 28 36 39 59 04
16 28 36 39 59 04 : 17 36 47 60 61 15
17 36 47 60 61 15 : 27 39 54 56 59 24
27 39 54 56 59 24 : 12 22 26 46 59 26
12 22 26 46 59 26 : 03 15 45 51 61 08
03 15 45 51 61 08 : 10 20 29 48 51 17
10 20 29 48 51 17 : 32 35 40 52 54 01
32 35 40 52 54 01 : 11 20 22 33 54 24
11 20 22 33 54 24 : 09 22 41 47 61 21
09 22 41 47 61 21 : 20 31 38 40 49 21
20 31 38 40 49 21 : 37 40 50 61 63 21
37 40 50 61 63 21 : 01 04 18 46 62 25
01 04 18 46 62 25 : 05 36 39 45 57 11
05 36 39 45 57 11 : 37 51 54 58 60 19
37 51 54 58 60 19 : 20 40 47 55 63 05
20 40 47 55 63 05 : 22 23 37 62 63 19
22 23 37 62 63 19 : 21 22 39 44 60 12
21 22 39 44 60 12 : 02 07 11 17 32 11
02 07 11 17 32 11 : 28 38 42 47 52 01
28 38 42 47 52 01 : 12 22 54 66 69 15
12 22 54 66 69 15 : 01 17 52 58 64 01
01 17 52 58 64 01 : 12 17 30 45 62 05
12 17 30 45 62 05 : 11 20 33 39 65 24
11 20 33 39 65 24 : 23 29 47 59 60 15
23 29 47 59 60 15 : 30 31 41 42 48 03
30 31 41 42 48 03 : 30 32 48 53 63 12
30 32 48 53 63 12 : 07 29 36 41 43 05
07 29 36 41 43 05 : 10 30 51 57 63 20
10 30 51 57 63 20 : 10 27 29 44 58 24
10 27 29 44 58 24 : 03 06 26 35 51 17
03 06 26 35 51 17 : 05 23 28 43 56 19
05 23 28 43 56 19 : 09 25 34 44 45 08
09 25 34 44 45 08 : 01 02 24 50 57 26
01 02 24 50 57 26 : 08 30 48 57 64 09
08 30 48 57 64 09 : 21 46 47 57 62 08
21 46 47 57 62 08 : 19 25 43 46 48 14
19 25 43 46 48 14 : 08 15 26 35 45 09
08 15 26 35 45 09 : 05 31 34 51 53 23
05 31 34 51 53 23 : 03 16 48 52 60 01
03 16 48 52 60 01 : 40 43 48 59 69 19
40 43 48 59 69 19 : 07 20 29 38 67 22
07 20 29 38 67 22 : 10 16 32 63 65 17
10 16 32 63 65 17 : 08 32 55 64 66 10
08 32 55 64 66 10 : 18 26 28 38 47 17
18 26 28 38 47 17 : 12 15 38 57 63 24
12 15 38 57 63 24 : 10 40 45 56 67 02
10 40 45 56 67 02 : 03 21 38 50 59 06
03 21 38 50 59 06 : 03 07 33 50 69 24
03 07 33 50 69 24 : 03 25 44 53 64 10
03 25 44 53 64 10 : 10 30 37 53 59 04
10 30 37 53 59 04 : 19 20 40 42 59 15
19 20 40 42 59 15 : 02 06 24 51 61 01
02 06 24 51 61 01 : 02 13 23 34 66 02
02 13 23 34 66 02 : 07 16 19 48 68 15
07 16 19 48 68 15 : 27 29 45 55 58 02
27 29 45 55 58 02 : 36 38 45 62 64 19
36 38 45 62 64 19 : 02 06 09 33 39 11
02 06 09 33 39 11 : 06 12 39 48 50 07
06 12 39 48 50 07 : 02 13 32 33 48 22
02 13 32 33 48 22 : 06 14 25 33 46 17
06 14 25 33 46 17 : 20 21 36 60 65 13
20 21 36 60 65 13 : 14 17 18 21 27 09
14 17 18 21 27 09 : 12 21 22 30 33 24
12 21 22 30 33 24 : 03 18 37 51 59 13
03 18 37 51 59 13 : 09 24 35 46 65 22
09 24 35 46 65 22 : 11 15 43 55 61 10
11 15 43 55 61 10 : 08 14 33 36 67 17
08 14 33 36 67 17 : 11 29 30 47 53 16
11 29 30 47 53 16 : 04 11 38 49 69 16
04 11 38 49 69 16 : 02 15 38 54 65 11
02 15 38 54 65 11 : 10 15 51 61 69 14
10 15 51 61 69 14 : 18 29 33 62 63 15
18 29 33 62 63 15 : 05 16 27 39 61 24
05 16 27 39 61 24 : 05 15 38 47 65 10
05 15 38 47 65 10 : 02 17 33 51 63 26
02 17 33 51 63 26 : 08 10 21 41 62 07
08 10 21 41 62 07 : 16 25 27 49 55 17
16 25 27 49 55 17 : 22 30 40 42 48 16
22 30 40 42 48 16 : 03 10 15 33 42 11
03 10 15 33 42 11 : 02 36 37 45 69 03
02 36 37 45 69 03 : 06 17 21 35 64 18
06 17 21 35 64 18 : 15 32 36 48 64 19
15 32 36 48 64 19 : 07 21 39 47 55 19
07 21 39 47 55 19 : 19 37 48 61 63 12
19 37 48 61 63 12 : 08 23 37 52 63 13
08 23 37 52 63 13 : 10 43 55 59 67 02
10 43 55 59 67 02 : 13 22 34 51 67 10
13 22 34 51 67 10 : 21 28 32 44 49 06
21 28 32 44 49 06 : 03 28 34 35 58 17
03 28 34 35 58 17 : 08 09 18 48 52 06
08 09 18 48 52 06 : 01 15 26 63 65 16
01 15 26 63 65 16 : 31 32 37 38 48 24
31 32 37 38 48 24 : 02 10 50 59 61 06
02 10 50 59 61 06 : 11 18 39 58 62 03
11 18 39 58 62 03 : 03 07 21 31 37 11
03 07 21 31 37 11 : 06 28 47 58 59 18
06 28 47 58 59 18 : 02 32 39 46 69 06
02 32 39 46 69 06 : 06 42 45 47 64 18
06 42 45 47 64 18 : 05 07 24 31 34 04
05 07 24 31 34 04 : 14 16 41 63 68 26
14 16 41 63 68 26 : 15 21 32 62 65 26
15 21 32 62 65 26 : 08 33 55 59 62 18
08 33 55 59 62 18 : 20 30 45 55 56 14
20 30 45 55 56 14 : 10 39 47 49 56 08
10 39 47 49 56 08 : 12 18 20 39 61 10
12 18 20 39 61 10 : 11 36 61 62 68 04
11 36 61 62 68 04 : 14 21 37 44 63 01
14 21 37 44 63 01 : 18 27 33 39 44 08
18 27 33 39 44 08 : 37 39 55 63 69 23
37 39 55 63 69 23 : 04 05 06 28 67 10
04 05 06 28 67 10 : 18 30 35 52 56 05
18 30 35 52 56 05 : 05 07 61 63 69 18
05 07 61 63 69 18 : 06 40 41 45 52 09
06 40 41 45 52 09 : 07 15 22 36 64 13
07 15 22 36 64 13 : 40 41 58 64 65 17
40 41 58 64 65 17 : 14 15 25 52 58 11
14 15 25 52 58 11 : 01 33 37 39 42 26
01 33 37 39 42 26 : 19 28 39 42 57 17
19 28 39 42 57 17 : 02 39 50 61 66 15
02 39 50 61 66 15 : 27 28 51 68 69 22
27 28 51 68 69 22 : 11 41 56 57 63 02
11 41 56 57 63 02 : 14 16 36 52 60 16
14 16 36 52 60 16 : 02 10 35 44 46 04
02 10 35 44 46 04 : 22 39 43 62 64 07
22 39 43 62 64 07 : 18 20 26 53 69 05
18 20 26 53 69 05 : 02 27 42 44 51 25
02 27 42 44 51 25 : 19 28 41 42 51 07
19 28 41 42 51 07 : 10 19 40 45 58 25
10 19 40 45 58 25 : 03 44 61 63 69 13
03 44 61 63 69 13 : 06 10 31 48 56 12
06 10 31 48 56 12 : 06 12 20 27 32 04
06 12 20 27 32 04 : 11 13 18 30 37 16
11 13 18 30 37 16 : 08 40 49 58 63 14
08 40 49 58 63 14 : 09 10 37 59 62 26
09 10 37 59 62 26 : 15 16 24 31 56 04
15 16 24 31 56 04 : 32 36 49 62 69 13
32 36 49 62 69 13 : 14 22 42 46 52 24
14 22 42 46 52 24 : 04 26 34 37 52 09
04 26 34 37 52 09 : 22 23 36 47 63 02
22 23 36 47 63 02 : 03 18 23 32 57 21
03 18 23 32 57 21 : 14 34 36 50 58 05
14 34 36 50 58 05 : 10 20 23 49 65 22
10 20 23 49 65 22 : 39 41 54 59 62 12
39 41 54 59 62 12 : 25 37 38 39 65 05
25 37 38 39 65 05 : 01 25 44 55 57 26
01 25 44 55 57 26 : 04 17 57 58 68 12
04 17 57 58 68 12 : 15 21 31 36 65 16
15 21 31 36 65 16 : 09 21 56 57 66 11
09 21 56 57 66 11 : 08 15 46 56 68 03
08 15 46 56 68 03 : 32 45 51 57 58 12
32 45 51 57 58 12 : 29 44 59 61 68 19
29 44 59 61 68 19 : 19 24 35 43 62 02
19 24 35 43 62 02 : 20 24 47 50 63 05
20 24 47 50 63 05 : 23 28 41 50 55 24
23 28 41 50 55 24 : 05 09 11 16 66 07
05 09 11 16 66 07 : 12 27 34 55 67 09
12 27 34 55 67 09 : 06 24 35 37 44 22
06 24 35 37 44 22 : 02 18 56 60 65 14
02 18 56 60 65 14 : 13 36 43 61 69 18
13 36 43 61 69 18 : 07 08 19 24 28 01
07 08 19 24 28 01 : 18 27 49 65 69 09
18 27 49 65 69 09 : 04 07 32 55 64 25
04 07 32 55 64 25 : 03 16 30 33 36 20
03 16 30 33 36 20 : 38 42 56 68 69 04
38 42 56 68 69 04 : 06 14 16 34 66 25
06 14 16 34 66 25 : 09 10 20 22 52 25
09 10 20 22 52 25 : 05 25 36 51 61 01
05 25 36 51 61 01 : 07 15 36 46 67 07
07 15 36 46 67 07 : 06 33 34 45 54 07
06 33 34 45 54 07 : 03 09 21 24 29 14
03 09 21 24 29 14 : 13 20 31 33 59 20
13 20 31 33 59 20 : 06 10 24 33 67 11
06 10 24 33 67 11 : 08 21 22 65 69 26
08 21 22 65 69 26 : 02 16 22 55 63 22
02 16 22 55 63 22 : 26 30 33 37 62 06
26 30 33 37 62 06 : 13 43 53 60 68 05
13 43 53 60 68 05 : 03 06 11 17 22 11
03 06 11 17 22 11 : 14 30 41 42 59 06
14 30 41 42 59 06 : 32 37 40 58 62 15
32 37 40 58 62 15 : 19 30 36 46 60 25
19 30 36 46 60 25 : 06 08 15 27 42 10
06 08 15 27 42 10 : 19 25 48 55 60 18
19 25 48 55 60 18 : 18 23 35 45 54 16
18 23 35 45 54 16 : 19 36 37 46 56 24
19 36 37 46 56 24 : 19 31 40 46 57 23
19 31 40 46 57 23 : 13 19 36 39 59 13
13 19 36 39 59 13 : 02 11 22 35 60 23
02 11 22 35 60 23 : 28 45 53 56 69 20
28 45 53 56 69 20 : 07 14 24 30 56 07
07 14 24 30 56 07 : 16 20 44 57 58 06
16 20 44 57 58 06 : 19 35 53 54 67 21
19 35 53 54 67 21 : 28 34 51 53 56 11
28 34 51 53 56 11 : 07 28 62 63 64 10
07 28 62 63 64 10 : 01 06 40 51 67 02
01 06 40 51 67 02 : 01 02 31 39 66 25
01 02 31 39 66 25 : 15 30 47 50 51 03
15 30 47 50 51 03 : 29 30 32 48 50 20
29 30 32 48 50 20 : 04 19 24 47 66 10
04 19 24 47 66 10 : 06 13 33 36 37 07
06 13 33 36 37 07 : 35 45 47 54 55 14
35 45 47 54 55 14 : 06 28 44 59 61 21
06 28 44 59 61 21 : 09 23 47 49 68 19
09 23 47 49 68 19 : 16 31 50 55 61 09
16 31 50 55 61 09 : 36 51 59 66 68 25
36 51 59 66 68 25 : 33 56 64 66 68 12
33 56 64 66 68 12 : 07 37 55 65 67 12
07 37 55 65 67 12 : 12 15 24 34 59 14
12 15 24 34 59 14 : 17 37 46 54 67 08
17 37 46 54 67 08 : 17 41 47 60 61 17
17 41 47 60 61 17 : 26 32 38 45 56 01
26 32 38 45 56 01 : 18 37 44 50 64 11
18 37 44 50 64 11 : 07 09 12 31 62 22
07 09 12 31 62 22 : 12 32 56 67 68 26
12 32 56 67 68 26 : 35 36 44 45 67 14
35 36 44 45 67 14 : 18 43 48 60 69 14
18 43 48 60 69 14 : 04 08 46 47 48 05
04 08 46 47 48 05 : 24 26 39 47 57 23
24 26 39 47 57 23 : 04 14 33 39 61 03
04 14 33 39 61 03 : 06 15 22 42 47 26
06 15 22 42 47 26 : 05 14 19 46 64 22
05 14 19 46 64 22 : 12 31 47 58 60 23
12 31 47 58 60 23 : 09 17 20 38 40 18
09 17 20 38 40 18 : 02 18 23 27 47 15
02 18 23 27 47 15 : 01 04 12 36 49 05
01 04 12 36 49 05 : 31 43 58 59 66 09
31 43 58 59 66 09 : 02 08 15 19 58 10
02 08 15 19 58 10 : 05 11 22 23 69 07
05 11 22 23 69 07 : 52 58 59 64 66 09
52 58 59 64 66 09 : 10 23 30 54 65 11
10 23 30 54 65 11 : 17 26 37 61 65 02
17 26 37 61 65 02 : 31 32 54 60 63 12
31 32 54 60 63 12 : 08 21 31 32 37 23
08 21 31 32 37 23 : 03 17 26 38 54 15
03 17 26 38 54 15 : 11 19 39 44 65 07
11 19 39 44 65 07 : 11 24 58 66 67 26
11 24 58 66 67 26 : 16 28 49 51 55 23
16 28 49 51 55 23 : 02 09 28 36 53 04
02 09 28 36 53 04 : 10 16 18 40 66 16
10 16 18 40 66 16 : 02 13 29 58 69 04
02 13 29 58 69 04 : 26 27 43 61 69 04
26 27 43 61 69 04 : 11 20 33 43 58 24
11 20 33 43 58 24 : 03 10 24 46 63 04
03 10 24 46 63 04 : 16 18 33 37 50 08
16 18 33 37 50 08 : 14 20 30 54 69 11
14 20 30 54 69 11 : 01 27 32 47 67 14
01 27 32 47 67 14 : 27 28 37 50 57 05
27 28 37 50 57 05 : 15 17 18 47 57 19
15 17 18 47 57 19 : 19 26 36 43 58 14
19 26 36 43 58 14 : 04 09 24 46 66 07
04 09 24 46 66 07 : 11 19 21 29 52 17
11 19 21 29 52 17 : 16 30 31 54 68 01
16 30 31 54 68 01 : 03 05 09 42 52 11
03 05 09 42 52 11 : 11 22 24 51 60 18
11 22 24 51 60 18 : 09 10 36 46 52 14
09 10 36 46 52 14 : 09 36 41 44 59 04
09 36 41 44 59 04 : 01 33 34 56 59 18
01 33 34 56 59 18 : 23 25 35 63 64 25
23 25 35 63 64 25 : 04 11 21 38 64 11
04 11 21 38 64 11 : 17 36 47 63 68 25
17 36 47 63 68 25 : 19 21 55 66 68 03
19 21 55 66 68 03 : 02 15 30 35 49 06
02 15 30 35 49 06 : 16 53 54 57 65 08
16 53 54 57 65 08 : 03 38 55 61 66 01
03 38 55 61 66 01 : 21 26 30 45 47 23
21 26 30 45 47 23 : 31 39 47 51 53 06
31 39 47 51 53 06 : 15 20 33 36 43 12
15 20 33 36 43 12 : 21 24 33 55 69 03
21 24 33 55 69 03 : 03 15 20 23 46 11
03 15 20 23 46 11 : 01 26 28 55 58 25
01 26 28 55 58 25 : 18 34 37 45 51 14
18 34 37 45 51 14 : 17 23 32 38 63 23
17 23 32 38 63 23 : 09 38 48 52 68 25
09 38 48 52 68 25 : 12 21 44 50 58 26
12 21 44 50 58 26 : 24 38 39 48 56 04
24 38 39 48 56 04 : 21 33 35 62 64 24
21 33 35 62 64 24 : 02 04 54 61 62 14
02 04 54 61 62 14 : 15 45 64 67 68 18
15 45 64 67 68 18 : 02 31 45 46 49 20
02 31 45 46 49 20 : 16 21 29 53 66 02
16 21 29 53 66 02 : 21 32 42 46 50 04
21 32 42 46 50 04 : 02 03 16 23 68 07
02 03 16 23 68 07 : 03 20 36 42 64 04
03 20 36 42 64 04 : 02 12 45 61 64 26
02 12 45 61 64 26 : 36 39 52 57 69 01
36 39 52 57 69 01 : 05 11 33 35 63 14
05 11 33 35 63 14 : 02 38 44 50 62 19
02 38 44 50 62 19 : 06 28 39 43 54 12
06 28 39 43 54 12 : 19 25 34 57 68 04
19 25 34 57 68 04 : 04 17 35 49 61 08
04 17 35 49 61 08 : 15 26 31 38 61 03
15 26 31 38 61 03 : 17 24 48 62 68 23
17 24 48 62 68 23 : 07 23 24 32 43 18
07 23 24 32 43 18 : 02 24 34 53 58 13
