09/26/2020 : 11 21 27 36 62 24
09/30/2020 : 14 18 36 49 67 18
10/03/2020 : 18 31 36 43 47 20
10/07/2020 : 06 24 30 53 56 19
10/10/2020 : 05 18 23 40 50 18
10/14/2020 : 21 37 52 53 58 05
10/17/2020 : 06 10 31 37 44 23
10/21/2020 : 01 03 13 44 56 26
10/24/2020 : 18 20 27 45 65 06
10/28/2020 : 11 28 37 40 53 13
10/31/2020 : 02 06 40 42 55 24
11/04/2020 : 23 32 33 45 49 14
11/07/2020 : 14 16 37 48 58 18
11/11/2020 : 13 15 17 45 63 13
11/14/2020 : 07 15 18 32 45 20
11/18/2020 : 04 05 17 43 52 05
11/21/2020 : 51 54 57 60 69 11
11/25/2020 : 02 57 58 60 65 26
11/28/2020 : 08 12 18 44 51 18
12/02/2020 : 28 31 40 41 46 04
12/05/2020 : 03 04 06 48 53 10
12/09/2020 : 11 14 31 47 48 04
12/12/2020 : 17 54 56 63 69 20
12/16/2020 : 04 23 37 61 67 07
12/19/2020 : 27 32 34 43 52 13
12/23/2020 : 06 13 38 39 53 06
12/26/2020 : 10 24 27 35 53 18
12/30/2020 : 03 43 45 61 65 14
01/02/2021 : 03 04 11 41 67 05
01/06/2021 : 01 20 22 60 66 03
01/09/2021 : 14 26 38 45 46 13
01/13/2021 : 04 19 23 25 49 14
01/16/2021 : 14 20 39 65 67 02
01/20/2021 : 40 53 60 68 69 22
01/23/2021 : 05 08 17 27 28 14
01/27/2021 : 17 33 35 42 52 09
01/30/2021 : 01 02 07 52 61 04
02/03/2021 : 05 37 40 64 66 05
02/06/2021 : 01 16 48 49 65 08
02/10/2021 : 15 39 58 63 67 07
02/13/2021 : 20 28 33 63 68 20
02/17/2021 : 01 15 21 32 46 01
02/20/2021 : 04 08 22 32 58 04
02/24/2021 : 04 33 43 53 65 21
02/27/2021 : 02 28 31 44 52 18
03/03/2021 : 21 40 44 50 55 16
03/06/2021 : 11 31 50 52 58 18
03/10/2021 : 17 18 37 44 53 18
03/13/2021 : 05 11 51 56 61 02
03/17/2021 : 34 38 42 61 62 19
03/20/2021 : 01 06 22 42 61 04
03/24/2021 : 04 09 17 27 38 18
03/27/2021 : 06 14 38 39 65 06
03/31/2021 : 03 10 44 55 68 24
04/03/2021 : 01 12 17 39 53 05
04/07/2021 : 27 35 39 51 66 16
04/10/2021 : 14 16 23 50 53 03
04/14/2021 : 13 30 33 45 61 14
04/17/2021 : 10 21 26 41 49 25
04/21/2021 : 21 25 32 63 67 06
04/24/2021 : 22 36 48 59 61 22
09/23/2020 : 08 17 49 52 59 01
09/19/2020 : 11 14 23 47 57 14
09/16/2020 : 10 17 31 51 53 01
09/12/2020 : 16 17 20 53 67 04
09/09/2020 : 27 52 55 60 64 21
09/05/2020 : 15 21 22 27 47 07
09/02/2020 : 01 04 11 20 69 18
08/29/2020 : 05 21 22 29 43 10
08/26/2020 : 08 12 19 47 58 02
08/22/2020 : 19 30 36 42 66 14
08/19/2020 : 13 23 47 55 58 23
08/15/2020 : 05 12 34 45 56 03
08/12/2020 : 02 06 18 36 37 21
08/08/2020 : 02 03 14 40 51 24
08/05/2020 : 07 14 17 57 65 24
08/01/2020 : 06 25 36 43 48 24
07/29/2020 : 07 29 35 40 45 26
07/25/2020 : 05 21 36 61 62 18
07/22/2020 : 16 25 36 44 55 14
07/18/2020 : 13 16 32 58 59 09
07/15/2020 : 27 47 61 62 69 04
07/11/2020 : 14 19 61 62 64 04
07/08/2020 : 03 10 34 36 62 05
07/04/2020 : 16 21 27 60 61 06
07/01/2020 : 15 28 52 53 63 18
06/27/2020 : 09 36 49 56 62 08
06/24/2020 : 15 22 27 33 46 23
06/20/2020 : 10 31 41 63 67 05
06/17/2020 : 07 10 63 64 68 10
06/13/2020 : 02 12 32 50 65 05
06/10/2020 : 10 33 41 52 54 18
06/06/2020 : 01 17 38 68 69 18
06/03/2020 : 01 03 26 41 64 17
05/30/2020 : 13 32 41 58 60 14
05/27/2020 : 38 58 59 64 68 21
05/23/2020 : 02 08 18 21 23 16
05/20/2020 : 18 34 40 42 50 09
05/16/2020 : 08 12 26 39 42 11
05/13/2020 : 39 53 54 56 57 20
05/09/2020 : 12 18 42 48 65 19
05/06/2020 : 07 08 35 50 65 20
05/02/2020 : 13 16 33 58 68 24
04/29/2020 : 02 20 49 61 67 20
04/25/2020 : 01 03 21 47 57 18
04/22/2020 : 01 33 35 40 69 24
04/18/2020 : 04 44 46 56 63 19
04/15/2020 : 10 12 33 36 41 02
04/11/2020 : 22 29 30 42 47 17
04/08/2020 : 02 37 39 48 54 05
04/04/2020 : 08 31 39 40 43 04
04/01/2020 : 33 35 45 48 60 16
03/28/2020 : 07 40 48 55 66 11
03/25/2020 : 05 09 27 39 42 16
03/21/2020 : 02 23 40 59 69 13
03/18/2020 : 15 27 44 59 63 08
03/14/2020 : 09 23 26 30 32 08
03/11/2020 : 04 29 49 50 67 02
03/07/2020 : 07 15 21 33 62 23
03/04/2020 : 18 43 58 60 68 14
02/29/2020 : 24 44 46 50 51 13
02/26/2020 : 08 27 29 36 47 24
02/22/2020 : 25 37 39 61 62 11
02/19/2020 : 10 12 15 19 56 19
02/15/2020 : 16 32 35 36 46 03
02/12/2020 : 14 47 54 55 68 25
02/08/2020 : 35 49 50 59 66 06
02/05/2020 : 23 30 35 41 57 02
02/01/2020 : 12 33 54 57 60 13
01/29/2020 : 09 12 15 31 60 02
01/25/2020 : 02 09 17 36 67 18
01/22/2020 : 11 33 44 59 67 08
01/18/2020 : 20 24 38 56 68 18
01/15/2020 : 39 41 53 55 68 19
01/11/2020 : 03 21 23 31 59 03
01/08/2020 : 02 04 07 43 56 22
01/04/2020 : 01 11 21 25 54 07
01/01/2020 : 49 53 57 59 62 26
12/28/2019 : 20 23 39 59 60 18
12/25/2019 : 02 04 16 30 46 20
12/21/2019 : 19 31 35 50 67 14
12/18/2019 : 14 18 26 39 68 09
12/14/2019 : 03 06 12 32 64 19
12/11/2019 : 24 29 42 44 63 10
12/07/2019 : 18 42 53 62 66 25
12/04/2019 : 08 27 44 51 61 14
11/30/2019 : 15 35 42 63 68 18
11/27/2019 : 15 26 37 53 55 21
11/23/2019 : 28 35 38 61 66 23
11/20/2019 : 07 15 39 40 57 12
11/16/2019 : 14 22 26 55 63 26
11/13/2019 : 23 26 27 28 66 11
11/09/2019 : 14 17 35 38 60 25
11/06/2019 : 15 28 46 62 64 17
11/02/2019 : 03 23 32 37 58 22
10/30/2019 : 19 22 52 56 67 21
10/26/2019 : 03 20 48 54 59 04
10/23/2019 : 05 12 50 61 69 23
10/19/2019 : 14 27 29 59 65 12
10/16/2019 : 01 05 25 63 67 03
10/12/2019 : 12 29 34 53 65 23
10/09/2019 : 05 18 33 43 65 02
10/05/2019 : 06 14 36 51 54 04
10/02/2019 : 04 08 10 43 53 07
09/28/2019 : 15 23 34 51 55 04
09/25/2019 : 37 43 44 45 53 25
09/21/2019 : 01 09 22 36 68 22
09/18/2019 : 14 19 39 47 51 15
09/14/2019 : 11 27 31 36 67 11
09/11/2019 : 06 17 24 53 57 03
09/07/2019 : 11 20 41 42 56 06
09/04/2019 : 04 08 30 52 59 02
08/31/2019 : 14 41 50 56 57 18
08/28/2019 : 09 32 37 41 56 14
08/24/2019 : 05 12 20 21 47 01
08/21/2019 : 12 21 22 29 32 21
08/17/2019 : 18 21 24 30 60 20
08/14/2019 : 10 13 30 51 69 10
08/10/2019 : 35 41 44 58 59 03
08/07/2019 : 08 32 47 53 59 03
08/03/2019 : 03 06 45 66 68 13
07/31/2019 : 14 37 47 55 67 06
07/27/2019 : 01 19 31 48 61 06
07/24/2019 : 22 29 35 53 56 13
07/20/2019 : 05 26 36 64 69 19
07/17/2019 : 19 43 47 60 68 10
07/13/2019 : 13 23 32 35 68 21
07/10/2019 : 07 09 26 44 68 03
07/06/2019 : 04 08 23 46 65 01
07/03/2019 : 40 43 45 50 61 25
06/29/2019 : 13 17 24 59 62 08
06/26/2019 : 01 05 16 22 54 24
06/22/2019 : 03 06 11 14 66 21
06/19/2019 : 04 18 21 26 38 01
06/15/2019 : 08 11 14 16 49 14
06/12/2019 : 05 35 38 42 57 13
06/08/2019 : 09 13 42 48 60 18
06/05/2019 : 17 23 28 34 38 08
06/01/2019 : 06 15 34 45 52 08
05/29/2019 : 03 32 34 42 61 07
05/25/2019 : 01 02 39 43 66 02
05/22/2019 : 07 10 20 44 57 03
05/18/2019 : 02 10 25 66 67 26
05/15/2019 : 07 17 33 61 68 04
05/11/2019 : 06 08 09 37 40 26
05/08/2019 : 01 45 53 64 66 03
05/04/2019 : 06 16 23 30 61 02
05/01/2019 : 05 23 28 56 66 17
04/27/2019 : 02 29 41 45 62 06
04/24/2019 : 06 32 35 36 65 04
04/20/2019 : 03 27 30 63 65 01
04/17/2019 : 01 15 17 46 66 15
04/13/2019 : 04 17 26 32 49 10
04/10/2019 : 12 21 23 39 67 06
04/06/2019 : 15 33 43 59 60 08
04/03/2019 : 16 19 25 32 49 18
03/30/2019 : 21 52 54 64 68 04
03/27/2019 : 16 20 37 44 62 12
03/23/2019 : 24 25 52 60 66 05
03/20/2019 : 10 14 50 53 63 21
03/16/2019 : 30 34 39 53 67 11
03/13/2019 : 18 36 45 47 69 14
03/09/2019 : 05 06 45 55 59 14
03/06/2019 : 06 10 21 35 46 23
03/02/2019 : 01 19 25 27 68 21
02/27/2019 : 21 31 42 49 59 23
02/23/2019 : 04 06 14 20 32 13
02/20/2019 : 27 49 50 51 52 02
02/16/2019 : 29 30 41 48 64 01
02/13/2019 : 02 08 14 24 69 26
02/09/2019 : 01 02 03 07 39 25
02/06/2019 : 05 13 28 38 63 21
02/02/2019 : 10 17 18 43 65 13
01/30/2019 : 02 12 16 29 54 06
01/26/2019 : 08 12 20 21 32 10
01/23/2019 : 23 25 47 48 50 24
01/19/2019 : 05 08 41 65 66 20
01/16/2019 : 14 29 31 56 61 01
01/12/2019 : 07 36 48 57 58 24
01/09/2019 : 06 19 37 49 59 22
01/05/2019 : 03 07 15 27 69 19
01/02/2019 : 08 12 42 46 56 12
12/29/2018 : 12 42 51 53 62 25
12/26/2018 : 05 25 38 52 67 24
12/22/2018 : 21 28 30 40 59 26
12/19/2018 : 15 29 31 37 43 16
12/15/2018 : 08 38 43 52 55 17
12/12/2018 : 04 09 21 29 64 26
12/08/2018 : 14 32 34 46 61 10
12/05/2018 : 09 11 36 37 38 11
12/01/2018 : 10 11 47 55 58 26
11/28/2018 : 04 19 59 68 69 21
11/24/2018 : 11 33 51 56 58 18
11/21/2018 : 07 14 23 38 55 18
11/17/2018 : 06 08 20 52 68 05
11/14/2018 : 07 42 49 62 69 23
11/10/2018 : 05 29 34 53 57 24
11/07/2018 : 26 28 34 42 50 25
11/03/2018 : 15 21 24 32 65 11
10/31/2018 : 07 25 39 40 47 20
10/27/2018 : 08 12 13 19 27 04
10/24/2018 : 03 21 45 53 56 22
10/20/2018 : 16 54 57 62 69 23
10/17/2018 : 03 57 64 68 69 15
10/13/2018 : 11 14 32 43 65 15
10/10/2018 : 08 23 27 42 60 07
10/06/2018 : 01 22 27 53 67 15
10/03/2018 : 41 53 59 63 66 03
09/29/2018 : 09 17 34 59 64 22
09/26/2018 : 01 02 07 30 50 08
09/22/2018 : 24 61 63 64 69 18
09/19/2018 : 04 39 48 50 51 11
09/15/2018 : 02 18 19 24 34 03
09/12/2018 : 06 28 48 63 64 24
09/08/2018 : 03 13 20 32 33 21
09/05/2018 : 06 15 50 59 60 13
09/01/2018 : 11 54 55 61 66 09
08/29/2018 : 25 41 53 57 67 12
08/25/2018 : 20 25 54 57 63 08
08/22/2018 : 01 07 45 47 69 13
08/18/2018 : 24 34 52 61 67 16
08/15/2018 : 12 15 28 47 48 16
08/11/2018 : 05 43 56 62 68 24
08/08/2018 : 10 21 30 43 63 17
08/04/2018 : 03 11 38 44 58 02
08/01/2018 : 05 22 32 38 58 26
07/28/2018 : 22 27 46 56 65 13
07/25/2018 : 02 18 41 44 64 26
07/21/2018 : 09 23 56 58 68 01
07/18/2018 : 01 10 27 28 36 12
07/14/2018 : 22 41 42 49 67 11
07/11/2018 : 19 21 27 46 47 07
07/07/2018 : 01 10 43 45 64 22
07/04/2018 : 04 07 15 41 44 10
06/30/2018 : 03 09 20 42 61 24
06/27/2018 : 07 28 37 62 63 15
06/23/2018 : 16 29 43 45 56 25
06/20/2018 : 04 14 23 27 56 13
06/16/2018 : 09 45 57 58 65 09
06/13/2018 : 13 20 38 45 55 01
06/09/2018 : 06 10 15 25 36 14
06/06/2018 : 23 28 41 53 56 14
06/02/2018 : 23 25 37 44 64 07
05/30/2018 : 17 23 26 46 68 20
05/26/2018 : 01 21 31 45 49 21
05/23/2018 : 20 54 56 61 64 07
05/19/2018 : 03 06 09 17 56 25
05/16/2018 : 17 19 21 22 51 19
05/12/2018 : 22 42 45 55 56 14
05/09/2018 : 11 16 38 50 69 19
05/05/2018 : 14 29 36 57 61 17
05/02/2018 : 05 14 31 40 50 06
04/28/2018 : 20 22 28 45 50 08
04/25/2018 : 17 18 39 56 64 12
04/21/2018 : 40 50 54 62 69 19
04/18/2018 : 09 10 12 17 23 09
04/14/2018 : 17 19 26 61 62 15
04/11/2018 : 16 18 27 55 67 18
04/07/2018 : 02 17 20 38 39 20
04/04/2018 : 08 24 42 54 64 24
03/31/2018 : 08 24 52 55 61 21
03/28/2018 : 06 08 26 52 53 21
03/24/2018 : 10 33 45 53 56 24
03/21/2018 : 03 04 18 29 61 25
03/17/2018 : 22 57 59 60 66 07
03/14/2018 : 06 12 24 41 68 09
03/10/2018 : 43 44 54 61 69 22
03/07/2018 : 06 13 19 36 51 18
03/03/2018 : 13 17 25 36 40 05
02/28/2018 : 12 30 59 65 69 16
02/24/2018 : 24 25 38 62 63 06
02/21/2018 : 07 15 31 34 36 08
02/17/2018 : 13 26 39 44 62 02
02/14/2018 : 37 39 44 46 69 26
02/10/2018 : 01 13 27 41 59 20
02/07/2018 : 23 34 35 40 47 10
02/03/2018 : 15 23 27 48 53 06
01/31/2018 : 04 07 14 46 59 22
01/27/2018 : 17 21 26 47 54 07
01/24/2018 : 05 09 11 33 64 21
01/20/2018 : 26 28 47 49 58 03
01/17/2018 : 03 33 37 51 57 21
01/13/2018 : 14 25 35 58 69 24
01/10/2018 : 07 24 33 49 50 04
01/06/2018 : 12 61 30 29 33 26
01/03/2018 : 02 18 37 39 42 12
12/30/2017 : 28 36 41 51 58 24
12/27/2017 : 03 09 16 56 60 03
12/23/2017 : 01 03 13 15 44 25
12/20/2017 : 01 20 61 64 69 20
12/16/2017 : 09 35 37 50 63 11
12/13/2017 : 02 24 28 51 58 07
12/09/2017 : 25 36 37 55 60 06
12/06/2017 : 19 20 50 55 62 09
12/02/2017 : 28 30 32 36 58 06
11/29/2017 : 24 26 28 59 63 16
11/25/2017 : 08 13 27 53 54 04
11/22/2017 : 35 37 46 51 61 13
11/18/2017 : 17 28 31 32 39 26
11/15/2017 : 23 32 44 48 50 25
11/11/2017 : 04 06 16 30 56 18
11/08/2017 : 12 14 20 21 34 22
11/04/2017 : 12 14 26 48 51 13
11/01/2017 : 03 06 19 26 44 01
10/28/2017 : 27 35 38 57 66 10
10/25/2017 : 18 22 29 54 57 08
10/21/2017 : 14 41 42 45 69 04
10/18/2017 : 30 49 54 66 69 08
10/14/2017 : 32 37 56 66 69 11
10/11/2017 : 01 03 13 19 69 23
10/07/2017 : 10 49 61 63 65 07
10/04/2017 : 22 23 62 63 66 24
09/30/2017 : 08 12 25 41 64 15
09/27/2017 : 08 10 21 23 25 22
09/23/2017 : 24 45 55 56 57 19
09/20/2017 : 39 48 53 67 68 26
09/16/2017 : 17 18 24 25 31 24
09/13/2017 : 17 24 35 57 63 19
09/09/2017 : 06 20 29 57 59 22
09/06/2017 : 08 14 32 58 67 17
09/02/2017 : 06 21 41 52 62 26
08/30/2017 : 19 28 43 67 69 07
08/26/2017 : 07 15 32 38 66 15
08/23/2017 : 06 07 16 23 26 04
08/19/2017 : 17 19 39 43 68 13
08/16/2017 : 09 15 43 60 64 04
08/12/2017 : 20 24 26 35 49 19
08/09/2017 : 12 30 36 47 62 09
08/05/2017 : 11 21 28 33 45 11
08/02/2017 : 01 16 54 63 69 18
07/29/2017 : 01 28 40 45 48 12
07/26/2017 : 07 19 21 42 69 12
07/22/2017 : 05 32 44 53 60 09
07/19/2017 : 50 51 59 61 63 04
07/15/2017 : 09 40 63 64 66 17
07/12/2017 : 01 02 18 23 61 09
07/08/2017 : 08 10 29 40 59 26
07/05/2017 : 04 09 16 54 68 21
07/01/2017 : 19 42 45 48 53 16
06/28/2017 : 29 37 46 53 68 08
06/24/2017 : 10 22 32 36 58 10
06/21/2017 : 14 46 61 65 68 13
06/17/2017 : 10 13 32 53 62 21
06/14/2017 : 05 22 43 57 63 24
06/07/2017 : 05 21 57 66 69 13
06/03/2017 : 03 09 21 41 54 25
05/31/2017 : 04 33 39 46 60 06
05/27/2017 : 05 10 28 55 67 09
05/24/2017 : 28 32 33 38 62 15
05/20/2017 : 05 22 45 47 54 03
05/17/2017 : 04 11 39 45 48 09
05/13/2017 : 17 20 32 63 68 19
05/10/2017 : 29 31 46 56 62 08
05/06/2017 : 11 21 31 41 59 21
05/03/2017 : 17 18 49 59 66 09
04/29/2017 : 22 23 24 45 62 05
04/26/2017 : 01 15 18 26 51 26
04/22/2017 : 21 39 41 48 63 06
04/19/2017 : 01 19 37 40 52 15
04/15/2017 : 05 22 26 45 61 13
04/12/2017 : 08 14 61 63 68 24
04/08/2017 : 23 36 51 53 60 15
04/05/2017 : 08 20 46 53 54 13
04/01/2017 : 09 32 36 44 65 01
03/29/2017 : 08 15 31 36 62 11
03/25/2017 : 18 31 32 45 48 16
03/22/2017 : 02 09 27 29 42 09
03/18/2017 : 13 25 44 54 67 05
03/15/2017 : 16 30 41 48 53 16
03/11/2017 : 01 26 41 50 57 11
03/08/2017 : 23 33 42 46 59 04
03/04/2017 : 02 18 19 22 63 19
03/01/2017 : 10 16 40 52 55 17
02/25/2017 : 06 32 47 62 65 19
02/22/2017 : 10 13 28 52 61 02
02/18/2017 : 03 07 09 31 33 20
02/15/2017 : 05 28 33 38 42 19
02/11/2017 : 05 09 17 37 64 02
02/08/2017 : 14 20 42 49 66 05
02/04/2017 : 06 13 16 17 52 25
02/01/2017 : 09 43 57 60 64 10
01/28/2017 : 12 20 39 49 69 17
01/25/2017 : 18 28 62 66 68 22
01/21/2017 : 23 25 45 52 67 02
01/18/2017 : 09 40 41 53 58 12
01/14/2017 : 23 55 59 64 69 13
01/11/2017 : 01 03 13 16 43 24
01/07/2017 : 03 12 24 37 63 10
01/04/2017 : 16 17 29 41 42 04
12/31/2016 : 01 03 28 57 67 09
12/28/2016 : 16 23 30 44 58 04
12/24/2016 : 28 38 42 51 52 21
12/21/2016 : 25 33 40 54 68 03
12/17/2016 : 01 08 16 40 48 10
12/14/2016 : 18 26 37 39 66 15
12/10/2016 : 12 21 32 44 66 15
12/07/2016 : 41 48 49 53 64 20
12/03/2016 : 08 10 26 27 33 22
11/30/2016 : 03 14 18 25 45 07
11/26/2016 : 17 19 21 37 44 16
11/23/2016 : 07 32 41 47 61 03
11/19/2016 : 16 24 28 43 61 21
11/16/2016 : 28 41 61 63 65 07
11/12/2016 : 08 17 20 27 52 24
11/09/2016 : 01 25 28 31 54 02
11/05/2016 : 21 31 50 51 69 08
11/02/2016 : 13 18 37 54 61 05
10/29/2016 : 19 20 21 42 48 23
10/26/2016 : 02 03 16 48 56 24
10/22/2016 : 01 28 33 55 56 22
10/19/2016 : 10 16 38 43 63 23
10/15/2016 : 23 49 57 64 67 20
10/12/2016 : 16 30 34 37 44 16
10/08/2016 : 03 54 61 64 68 09
10/05/2016 : 08 18 27 29 60 15
10/01/2016 : 02 12 50 61 64 01
09/28/2016 : 30 38 52 53 62 01
09/24/2016 : 07 15 20 29 41 22
09/21/2016 : 01 28 63 67 69 17
09/17/2016 : 09 19 51 55 62 14
09/14/2016 : 10 11 23 28 31 14
09/10/2016 : 03 17 49 55 68 08
09/07/2016 : 22 23 29 33 55 21
09/03/2016 : 07 39 50 59 67 25
08/31/2016 : 05 10 24 56 61 12
08/27/2016 : 04 32 48 49 63 20
08/24/2016 : 09 11 25 64 65 16
08/20/2016 : 03 06 21 60 68 24
08/17/2016 : 33 44 49 50 52 08
08/13/2016 : 38 44 60 64 69 06
08/10/2016 : 23 56 61 64 67 12
08/06/2016 : 20 33 36 47 52 12
08/03/2016 : 09 11 27 66 67 02
07/30/2016 : 11 17 21 23 32 05
07/27/2016 : 10 47 50 65 68 24
07/23/2016 : 05 07 23 35 39 11
07/20/2016 : 06 25 35 58 66 05
07/16/2016 : 11 17 40 50 62 26
07/13/2016 : 03 15 29 54 57 10
07/09/2016 : 10 28 32 61 64 12
07/06/2016 : 02 24 31 57 66 18
07/02/2016 : 10 34 39 59 63 04
06/29/2016 : 23 29 37 60 64 06
06/25/2016 : 03 27 36 56 69 25
06/22/2016 : 14 40 42 43 52 17
06/18/2016 : 02 23 41 53 63 11
06/15/2016 : 04 22 24 31 33 10
06/11/2016 : 20 27 36 41 58 07
06/08/2016 : 12 25 37 60 69 20
06/04/2016 : 16 20 22 43 64 17
06/01/2016 : 23 30 33 40 69 12
05/28/2016 : 06 33 34 58 59 12
05/25/2016 : 11 24 41 59 64 15
05/21/2016 : 05 07 09 23 32 26
05/18/2016 : 23 25 39 54 67 11
05/14/2016 : 13 27 47 64 65 09
05/11/2016 : 20 32 52 66 69 23
05/07/2016 : 05 25 26 44 66 09
05/04/2016 : 30 47 57 66 69 03
04/30/2016 : 03 12 16 32 34 14
04/27/2016 : 02 25 33 39 64 17
04/23/2016 : 19 35 46 59 62 13
04/20/2016 : 12 25 30 52 62 08
04/16/2016 : 03 18 25 32 51 03
04/13/2016 : 30 33 35 38 64 22
04/09/2016 : 14 22 23 41 61 09
04/06/2016 : 04 28 49 60 65 25
04/02/2016 : 09 28 30 40 61 03
03/30/2016 : 24 44 53 55 63 19
03/26/2016 : 11 23 42 52 68 06
03/23/2016 : 05 08 15 22 49 25
03/19/2016 : 11 23 43 54 60 03
03/16/2016 : 10 12 13 46 50 21
03/12/2016 : 11 28 50 57 62 23
03/09/2016 : 14 23 32 34 68 03
03/05/2016 : 03 27 34 59 69 19
03/02/2016 : 12 13 44 52 62 06
02/27/2016 : 10 11 21 22 53 18
02/24/2016 : 21 31 64 65 67 05
02/20/2016 : 11 12 15 16 54 25
02/17/2016 : 07 17 27 29 40 25
02/13/2016 : 07 15 18 19 36 20
02/10/2016 : 02 03 40 50 62 05
02/06/2016 : 04 13 31 36 52 08
02/03/2016 : 26 28 31 60 67 23
01/30/2016 : 05 12 16 31 43 18
01/27/2016 : 03 12 40 52 67 21
01/23/2016 : 22 32 34 40 69 19
01/20/2016 : 05 39 44 47 69 24
01/16/2016 : 03 51 52 61 64 06
01/13/2016 : 04 08 19 27 34 10
01/09/2016 : 16 19 32 34 57 13
01/06/2016 : 02 11 47 62 63 17
01/02/2016 : 05 06 15 29 42 10
12/30/2015 : 12 36 38 54 61 22
12/26/2015 : 27 40 44 59 65 20
12/23/2015 : 16 38 55 63 67 25
12/19/2015 : 28 30 41 59 68 10
12/16/2015 : 09 10 32 42 55 06
12/12/2015 : 02 14 19 30 62 22
12/09/2015 : 07 10 16 46 56 01
12/05/2015 : 13 27 33 47 68 13
12/02/2015 : 14 18 19 32 64 09
11/28/2015 : 02 06 47 66 67 02
11/25/2015 : 16 29 53 58 69 21
11/21/2015 : 37 47 50 52 57 21
11/18/2015 : 17 40 41 46 69 06
11/14/2015 : 14 22 37 45 66 05
11/11/2015 : 04 26 32 55 64 18
11/07/2015 : 07 16 25 50 53 15
11/04/2015 : 02 12 17 20 65 17
10/31/2015 : 09 20 25 47 68 07
10/28/2015 : 04 54 56 62 63 10
10/24/2015 : 20 31 56 60 64 02
10/21/2015 : 30 32 42 56 57 11
10/17/2015 : 48 49 57 62 69 19
10/14/2015 : 15 20 29 31 40 01
10/10/2015 : 12 27 29 43 68 01
10/07/2015 : 18 30 40 48 52 09
10/03/2015 : 06 26 33 44 46 04
09/30/2015 : 21 39 40 55 59 17
09/26/2015 : 23 31 42 50 57 05
09/23/2015 : 08 29 41 51 58 05
09/19/2015 : 12 17 26 43 48 24
09/16/2015 : 05 07 24 31 39 07
09/12/2015 : 02 03 13 16 35 27
09/09/2015 : 44 45 47 50 51 08
09/05/2015 : 10 16 18 29 45 19
09/02/2015 : 17 22 30 46 56 16
08/29/2015 : 18 21 25 28 29 16
08/26/2015 : 02 22 32 45 56 12
08/22/2015 : 04 12 14 21 55 07
08/19/2015 : 06 08 43 48 50 07
08/15/2015 : 03 13 17 42 52 24
08/12/2015 : 08 13 29 38 52 28
08/08/2015 : 09 34 48 52 54 15
08/05/2015 : 09 11 14 16 42 19
08/01/2015 : 07 13 24 49 57 15
07/29/2015 : 04 22 27 28 52 35
07/25/2015 : 27 29 34 41 44 02
07/22/2015 : 12 31 43 44 57 11
07/18/2015 : 06 37 39 45 55 33
07/15/2015 : 13 16 34 45 50 11
07/11/2015 : 11 39 46 52 54 03
07/08/2015 : 04 15 25 27 30 18
07/04/2015 : 03 06 14 18 24 21
07/01/2015 : 07 24 26 31 41 25
06/27/2015 : 18 28 35 46 49 27
06/24/2015 : 03 05 10 22 32 07
06/20/2015 : 09 10 16 20 57 15
06/17/2015 : 20 21 22 41 54 07
06/13/2015 : 29 41 48 52 54 29
06/10/2015 : 31 32 48 49 53 25
06/06/2015 : 08 13 18 27 43 15
06/03/2015 : 06 08 13 37 40 11
05/30/2015 : 08 09 25 56 57 22
05/27/2015 : 08 15 34 53 59 23
05/23/2015 : 09 15 17 31 43 16
05/20/2015 : 01 12 28 35 44 25
05/16/2015 : 24 29 38 48 52 32
05/13/2015 : 01 25 29 31 47 07
05/09/2015 : 04 15 17 35 58 17
05/06/2015 : 23 24 27 39 41 30
05/02/2015 : 02 06 11 30 31 33
04/29/2015 : 01 26 34 38 51 06
04/25/2015 : 21 33 35 38 45 12
04/22/2015 : 10 14 25 39 53 18
04/18/2015 : 13 22 23 29 31 17
04/15/2015 : 01 16 21 29 40 30
04/11/2015 : 01 12 32 42 58 12
04/08/2015 : 01 19 45 46 58 29
04/04/2015 : 33 39 40 41 54 28
04/01/2015 : 02 30 33 39 44 01
03/28/2015 : 02 04 06 12 38 17
03/25/2015 : 07 19 23 50 54 14
03/21/2015 : 11 16 30 38 42 07
03/18/2015 : 14 25 30 33 47 08
03/14/2015 : 08 14 39 46 47 18
03/11/2015 : 11 24 31 40 44 27
03/07/2015 : 34 36 38 42 50 33
03/04/2015 : 08 12 15 35 50 32
02/28/2015 : 11 17 25 28 46 12
02/25/2015 : 17 19 21 32 39 08
02/21/2015 : 10 14 18 34 51 26
02/18/2015 : 01 09 29 32 49 22
02/14/2015 : 01 24 44 45 51 28
02/11/2015 : 11 13 25 39 54 19
02/07/2015 : 05 10 21 34 58 33
02/04/2015 : 24 36 51 52 56 22
01/31/2015 : 05 11 16 26 50 34
01/28/2015 : 12 24 35 36 49 01
01/24/2015 : 16 19 20 29 33 10
01/21/2015 : 11 12 15 28 57 23
01/17/2015 : 15 16 23 27 36 09
01/14/2015 : 02 04 10 41 53 22
01/10/2015 : 02 09 19 28 29 19
01/07/2015 : 14 15 47 49 59 10
01/03/2015 : 04 18 43 46 55 25
12/31/2014 : 17 27 37 40 53 35
12/27/2014 : 07 10 11 14 36 15
12/24/2014 : 11 12 46 47 50 22
12/20/2014 : 14 15 19 31 56 05
12/17/2014 : 22 31 38 47 48 15
12/13/2014 : 05 13 28 43 55 33
12/10/2014 : 34 44 48 54 55 10
12/06/2014 : 12 15 22 43 49 14
12/03/2014 : 25 30 32 46 54 26
11/29/2014 : 13 24 30 42 48 27
11/26/2014 : 16 17 22 46 54 35
11/22/2014 : 23 49 53 54 57 35
11/19/2014 : 06 36 38 48 51 17
11/15/2014 : 13 16 33 35 51 28
11/12/2014 : 37 39 51 52 55 11
11/08/2014 : 09 19 33 38 54 15
11/05/2014 : 02 11 19 21 42 34
11/01/2014 : 01 03 13 25 38 17
10/29/2014 : 25 28 48 57 59 16
10/25/2014 : 06 10 51 54 57 12
10/22/2014 : 29 30 40 42 50 16
10/18/2014 : 20 26 27 36 54 19
10/15/2014 : 05 07 19 27 28 20
10/11/2014 : 10 19 37 38 39 28
10/08/2014 : 05 16 31 46 50 18
10/04/2014 : 13 18 24 25 33 31
10/01/2014 : 01 04 18 20 45 07
09/27/2014 : 02 11 35 52 54 13
09/24/2014 : 07 14 21 24 41 26
09/20/2014 : 22 23 30 37 39 16
09/17/2014 : 18 25 36 48 50 23
09/13/2014 : 01 06 16 37 53 27
09/10/2014 : 02 14 39 40 43 13
09/06/2014 : 09 29 31 43 50 18
09/03/2014 : 02 16 43 45 51 35
08/30/2014 : 05 28 31 52 59 27
08/27/2014 : 17 24 26 45 46 19
08/23/2014 : 28 32 35 36 52 31
08/20/2014 : 04 08 21 38 40 03
08/16/2014 : 07 08 17 48 59 09
08/13/2014 : 08 37 39 40 52 24
08/09/2014 : 03 12 31 34 51 24
08/06/2014 : 01 08 24 28 49 24
08/02/2014 : 12 26 44 46 47 29
07/30/2014 : 13 30 42 49 53 29
07/26/2014 : 24 28 30 38 39 16
07/23/2014 : 04 10 12 22 31 03
07/19/2014 : 10 17 25 45 53 09
07/16/2014 : 05 15 18 26 32 35
07/12/2014 : 02 03 07 23 51 26
07/09/2014 : 09 25 42 55 57 14
07/05/2014 : 24 34 36 57 58 11
07/02/2014 : 08 18 45 53 58 35
06/25/2014 : 10 20 25 50 53 35
06/21/2014 : 05 06 37 41 54 26
06/18/2014 : 06 09 29 52 59 07
06/14/2014 : 09 33 42 45 54 30
06/11/2014 : 14 18 25 33 49 23
06/07/2014 : 28 30 35 58 59 15
06/04/2014 : 01 07 10 22 49 24
05/31/2014 : 15 27 31 34 48 01
05/28/2014 : 02 24 28 32 59 25
05/24/2014 : 15 16 28 49 55 18
05/21/2014 : 04 20 34 39 58 31
05/17/2014 : 23 32 39 47 49 22
05/14/2014 : 07 33 39 52 55 33
05/10/2014 : 04 31 41 47 55 01
05/07/2014 : 17 29 31 48 49 34
05/03/2014 : 05 15 16 46 49 26
04/30/2014 : 02 09 11 19 50 32
04/26/2014 : 03 07 22 30 33 20
04/23/2014 : 19 25 29 36 48 12
04/19/2014 : 05 06 29 35 51 21
04/16/2014 : 34 39 42 44 59 08
04/12/2014 : 14 26 45 54 55 20
04/09/2014 : 09 14 44 48 49 29
04/05/2014 : 11 21 26 33 34 29
04/02/2014 : 08 13 19 22 53 24
03/29/2014 : 02 03 12 27 38 17
03/26/2014 : 28 33 41 44 59 21
03/22/2014 : 13 28 31 55 58 15
03/19/2014 : 02 19 23 34 43 14
03/15/2014 : 02 05 34 51 58 09
03/12/2014 : 14 15 28 37 54 10
03/08/2014 : 10 14 24 32 41 30
03/05/2014 : 03 07 09 26 54 19
03/01/2014 : 03 08 25 30 47 13
02/26/2014 : 11 12 17 38 42 02
02/22/2014 : 02 03 13 14 54 04
02/19/2014 : 01 17 35 49 54 34
02/15/2014 : 02 09 14 21 23 03
02/12/2014 : 36 44 49 52 57 01
02/08/2014 : 24 25 34 37 54 29
02/05/2014 : 08 17 32 57 59 24
02/01/2014 : 05 12 15 27 38 07
01/29/2014 : 11 23 28 32 47 20
01/25/2014 : 08 12 18 55 57 02
01/22/2014 : 01 02 07 09 55 29
01/18/2014 : 13 14 19 31 38 25
01/15/2014 : 07 08 09 24 29 25
01/11/2014 : 10 15 33 48 54 34
01/08/2014 : 10 28 39 47 58 22
01/04/2014 : 19 20 37 41 58 14
01/01/2014 : 15 24 40 48 52 23
12/28/2013 : 08 35 44 51 56 18
12/25/2013 : 23 28 38 39 56 32
12/21/2013 : 25 36 40 45 51 08
12/18/2013 : 07 24 37 39 40 01
12/14/2013 : 14 25 32 33 41 34
12/11/2013 : 01 10 13 18 19 27
12/07/2013 : 13 20 32 45 48 17
12/04/2013 : 06 09 11 31 44 25
11/30/2013 : 05 26 44 45 57 29
11/27/2013 : 18 25 50 55 57 17
11/23/2013 : 05 12 43 52 55 10
11/20/2013 : 04 18 23 32 45 07
11/16/2013 : 10 29 37 44 59 10
11/13/2013 : 05 31 50 55 56 09
11/09/2013 : 03 09 37 49 56 32
11/06/2013 : 01 05 10 15 49 22
11/02/2013 : 13 23 24 27 40 17
10/30/2013 : 02 36 40 49 54 10
10/26/2013 : 04 06 34 49 56 29
10/23/2013 : 03 23 31 34 47 13
10/19/2013 : 09 33 54 56 57 05
10/16/2013 : 03 26 28 34 42 28
10/12/2013 : 08 10 26 57 58 04
10/09/2013 : 03 09 19 33 38 18
10/05/2013 : 11 12 17 39 40 05
10/02/2013 : 04 06 25 42 51 17
09/28/2013 : 14 47 52 53 54 05
09/25/2013 : 02 07 17 49 53 23
09/21/2013 : 12 17 45 54 58 13
09/18/2013 : 07 10 22 32 35 19
09/14/2013 : 01 17 25 37 44 20
09/11/2013 : 11 19 33 42 52 33
09/07/2013 : 02 19 22 26 45 24
09/04/2013 : 02 09 26 45 47 11
08/31/2013 : 02 07 25 40 56 20
08/28/2013 : 06 07 09 19 32 13
08/24/2013 : 12 17 25 45 59 19
08/21/2013 : 30 40 42 46 48 23
08/17/2013 : 18 21 46 54 56 23
08/14/2013 : 04 11 17 43 51 20
08/10/2013 : 04 12 14 37 58 13
08/07/2013 : 05 25 30 58 59 32
08/03/2013 : 21 24 36 42 45 15
07/31/2013 : 08 24 39 49 59 05
07/27/2013 : 09 23 40 53 58 06
07/24/2013 : 09 29 40 44 54 07
07/20/2013 : 14 25 27 38 58 06
07/17/2013 : 01 22 34 38 42 17
07/13/2013 : 02 08 22 35 37 06
07/10/2013 : 30 31 45 55 59 27
07/06/2013 : 02 13 35 36 52 11
07/03/2013 : 03 06 29 40 51 04
06/29/2013 : 08 28 30 53 56 16
06/26/2013 : 01 18 33 39 46 33
06/22/2013 : 13 19 23 33 57 28
06/19/2013 : 07 46 47 52 57 17
06/15/2013 : 28 36 40 48 55 01
06/12/2013 : 16 22 23 42 55 32
06/08/2013 : 02 11 22 26 32 19
06/05/2013 : 04 26 33 36 55 32
06/01/2013 : 22 28 33 53 59 14
05/29/2013 : 09 14 17 49 57 02
05/25/2013 : 02 06 19 21 27 25
05/22/2013 : 09 31 35 41 57 26
05/18/2013 : 10 13 14 22 52 11
05/15/2013 : 02 11 26 34 41 32
05/11/2013 : 06 13 19 23 43 16
05/08/2013 : 21 22 26 30 57 27
05/04/2013 : 07 12 26 36 40 17
05/01/2013 : 22 26 31 54 55 18
04/27/2013 : 03 23 48 54 55 05
04/24/2013 : 09 19 31 56 59 02
04/20/2013 : 06 08 30 39 48 20
04/17/2013 : 13 18 36 48 58 28
04/13/2013 : 10 12 31 56 57 33
04/10/2013 : 01 36 40 52 53 20
04/06/2013 : 04 07 08 29 39 24
04/03/2013 : 01 06 08 12 35 03
03/30/2013 : 11 23 26 46 55 27
03/27/2013 : 07 37 43 48 52 16
03/23/2013 : 17 29 31 52 53 31
03/20/2013 : 13 14 17 43 54 15
03/16/2013 : 03 07 21 44 53 16
03/13/2013 : 05 09 28 32 38 29
03/09/2013 : 10 37 40 46 52 12
03/06/2013 : 06 10 23 41 45 01
03/02/2013 : 03 08 13 41 56 16
02/27/2013 : 03 14 20 34 48 21
02/23/2013 : 02 05 31 39 41 29
02/20/2013 : 03 17 19 25 32 17
02/16/2013 : 15 16 46 50 58 29
02/13/2013 : 12 23 25 27 43 29
02/09/2013 : 05 06 16 36 58 03
02/06/2013 : 05 27 36 38 41 12
02/02/2013 : 11 16 33 40 41 34
01/30/2013 : 14 16 32 47 52 16
01/26/2013 : 03 22 26 41 49 18
01/23/2013 : 11 12 24 43 45 09
01/19/2013 : 08 28 29 34 38 35
01/16/2013 : 09 21 28 32 51 35
01/12/2013 : 10 14 21 23 47 07
01/09/2013 : 11 13 20 27 59 26
01/05/2013 : 26 30 49 51 54 25
01/02/2013 : 18 20 28 35 53 20
12/29/2012 : 36 46 50 52 55 14
12/26/2012 : 11 13 23 43 54 04
12/22/2012 : 01 18 35 39 44 11
12/19/2012 : 05 08 20 23 30 03
12/15/2012 : 15 23 40 44 55 14
12/12/2012 : 08 10 25 36 44 28
12/08/2012 : 07 23 26 40 53 21
12/05/2012 : 13 17 19 27 38 12
12/01/2012 : 03 10 19 36 46 03
11/28/2012 : 05 16 22 23 29 06
11/24/2012 : 22 32 37 44 50 34
11/21/2012 : 08 18 24 30 39 26
11/17/2012 : 03 15 27 58 59 20
11/14/2012 : 08 10 30 44 58 13
11/10/2012 : 32 42 50 54 55 32
11/07/2012 : 32 34 45 52 58 20
11/03/2012 : 04 07 09 30 54 25
10/31/2012 : 01 27 31 45 48 05
10/27/2012 : 22 32 34 36 56 33
10/24/2012 : 03 18 21 23 50 04
10/20/2012 : 04 21 28 31 44 10
10/17/2012 : 01 07 10 23 42 35
10/13/2012 : 02 05 25 26 49 18
10/10/2012 : 18 26 29 35 43 28
10/06/2012 : 15 26 34 36 59 35
10/03/2012 : 17 23 36 55 59 10
09/29/2012 : 14 18 28 29 57 08
09/26/2012 : 13 26 39 41 42 10
09/22/2012 : 02 16 18 40 42 33
09/19/2012 : 01 05 08 39 50 23
09/15/2012 : 03 20 26 43 48 01
09/12/2012 : 24 33 36 48 56 06
09/08/2012 : 06 20 34 44 48 29
09/05/2012 : 04 19 26 42 51 29
09/01/2012 : 08 11 21 44 49 22
08/29/2012 : 25 28 49 54 56 28
08/25/2012 : 01 06 07 20 49 23
08/22/2012 : 22 29 31 47 55 19
08/18/2012 : 14 26 41 55 59 01
08/15/2012 : 06 27 46 51 56 21
08/11/2012 : 04 13 39 46 51 01
08/08/2012 : 03 07 11 15 28 12
08/04/2012 : 19 30 48 53 55 18
08/01/2012 : 03 16 48 56 58 04
07/28/2012 : 05 06 13 36 50 13
07/25/2012 : 03 14 35 38 46 16
07/21/2012 : 09 31 38 54 56 20
07/18/2012 : 02 05 20 23 57 03
07/14/2012 : 04 16 32 37 46 13
07/11/2012 : 05 22 36 49 55 23
07/07/2012 : 03 05 29 39 59 29
07/04/2012 : 14 19 35 39 56 33
06/30/2012 : 07 15 20 41 44 22
06/27/2012 : 06 34 40 46 58 06
06/23/2012 : 01 03 41 44 53 30
06/20/2012 : 11 17 29 56 57 14
06/16/2012 : 08 14 15 16 27 26
06/13/2012 : 07 10 14 33 57 18
06/09/2012 : 18 22 45 56 57 27
06/06/2012 : 19 30 33 48 59 27
06/02/2012 : 09 10 17 29 45 33
05/30/2012 : 09 10 24 52 56 14
05/26/2012 : 13 14 41 49 59 14
05/23/2012 : 04 07 26 53 59 32
05/19/2012 : 08 13 35 46 51 30
05/16/2012 : 03 07 21 28 43 02
05/12/2012 : 10 24 35 53 58 22
05/09/2012 : 01 07 11 55 56 01
05/05/2012 : 09 12 20 44 59 23
05/02/2012 : 07 08 33 38 50 29
04/28/2012 : 31 39 40 57 58 33
04/25/2012 : 04 25 29 34 43 29
04/21/2012 : 06 08 20 42 51 16
04/18/2012 : 20 22 39 46 49 29
04/14/2012 : 14 15 16 19 24 02
04/11/2012 : 16 23 42 44 47 02
04/07/2012 : 05 13 17 20 30 18
04/04/2012 : 01 24 33 45 49 06
03/31/2012 : 05 14 36 54 58 27
03/28/2012 : 11 16 29 50 58 33
03/24/2012 : 01 15 35 37 47 08
03/21/2012 : 32 43 53 55 56 06
03/17/2012 : 11 14 49 55 58 30
03/14/2012 : 01 08 41 46 59 24
03/10/2012 : 05 14 17 20 41 05
03/07/2012 : 12 35 45 46 47 12
03/03/2012 : 29 30 45 47 49 35
02/29/2012 : 01 04 11 23 26 14
02/25/2012 : 06 11 42 53 54 07
02/22/2012 : 07 16 17 39 51 32
02/18/2012 : 23 28 50 56 59 05
02/15/2012 : 11 12 32 52 56 11
02/11/2012 : 01 10 37 52 57 11
02/08/2012 : 17 28 38 39 51 33
02/04/2012 : 15 23 43 45 56 07
02/01/2012 : 08 13 17 34 59 35
01/28/2012 : 05 33 41 54 59 13
01/25/2012 : 04 19 28 29 47 05
01/21/2012 : 12 24 43 44 45 07
01/18/2012 : 06 29 34 44 50 28
01/14/2012 : 10 30 36 38 41 01
01/11/2012 : 05 19 29 45 47 25
01/07/2012 : 03 21 24 38 39 24
01/04/2012 : 21 35 46 47 50 02
12/31/2011 : 05 23 25 28 40 34
12/28/2011 : 16 21 27 41 45 14
12/24/2011 : 14 16 30 51 52 19
12/21/2011 : 10 13 15 31 54 18
12/17/2011 : 13 28 49 51 59 33
12/14/2011 : 02 24 46 52 56 19
12/10/2011 : 04 19 33 41 59 09
12/07/2011 : 03 14 20 39 40 37
12/03/2011 : 05 18 33 43 45 08
11/30/2011 : 02 06 34 35 47 22
11/26/2011 : 20 37 39 45 55 28
11/23/2011 : 04 30 35 57 59 25
11/19/2011 : 09 16 17 28 30 11
11/16/2011 : 13 22 25 39 51 28
11/12/2011 : 04 35 36 51 56 08
11/09/2011 : 05 35 57 58 59 12
11/05/2011 : 02 33 39 40 43 26
11/02/2011 : 12 14 34 39 46 36
10/29/2011 : 11 16 40 51 56 38
10/26/2011 : 01 18 21 39 55 06
10/22/2011 : 03 08 23 30 58 13
10/19/2011 : 16 26 35 52 58 02
10/15/2011 : 05 10 24 38 43 01
10/12/2011 : 10 12 23 43 47 18
10/08/2011 : 03 27 35 37 45 31
10/05/2011 : 07 20 43 46 54 17
10/01/2011 : 01 12 23 27 43 31
09/28/2011 : 30 41 50 51 53 08
09/24/2011 : 03 04 12 27 44 26
09/21/2011 : 12 47 48 52 55 13
09/17/2011 : 06 20 22 32 43 11
09/14/2011 : 16 41 42 50 59 05
09/10/2011 : 04 19 22 32 53 24
09/07/2011 : 03 05 18 27 54 13
09/03/2011 : 15 25 52 53 54 02
08/31/2011 : 13 19 35 47 57 29
08/27/2011 : 02 12 25 54 58 14
08/24/2011 : 09 13 47 49 53 39
08/20/2011 : 02 17 23 28 47 36
08/17/2011 : 18 28 31 48 52 37
08/13/2011 : 09 12 35 50 58 04
08/10/2011 : 11 18 36 41 46 38
08/06/2011 : 25 30 54 57 59 06
08/03/2011 : 13 19 21 28 49 11
07/30/2011 : 20 40 41 47 55 19
07/27/2011 : 38 40 41 51 59 33
07/23/2011 : 01 07 27 38 48 30
07/20/2011 : 01 04 38 40 42 17
07/16/2011 : 24 28 48 50 54 25
07/13/2011 : 08 18 19 32 54 08
07/09/2011 : 01 09 11 23 31 06
07/06/2011 : 11 15 24 50 55 08
07/02/2011 : 01 11 18 29 51 32
06/29/2011 : 24 30 45 57 59 26
06/25/2011 : 18 36 39 41 57 12
06/22/2011 : 12 15 19 46 59 12
06/18/2011 : 12 21 22 38 41 18
06/15/2011 : 19 20 38 41 43 29
06/11/2011 : 16 18 27 36 50 08
06/08/2011 : 14 37 44 45 53 29
06/04/2011 : 17 19 39 41 58 21
06/01/2011 : 08 18 38 46 56 31
05/28/2011 : 12 20 43 51 55 11
05/25/2011 : 04 23 31 42 50 23
05/21/2011 : 02 08 40 49 50 36
05/18/2011 : 07 12 13 42 49 16
05/14/2011 : 08 17 18 40 44 16
05/11/2011 : 09 17 32 43 45 31
05/07/2011 : 02 11 27 47 55 15
05/04/2011 : 03 15 27 29 41 24
04/30/2011 : 06 13 15 32 41 03
04/27/2011 : 04 24 40 44 55 05
04/23/2011 : 03 11 47 48 58 19
04/20/2011 : 09 24 34 36 43 27
04/16/2011 : 21 33 44 45 55 07
04/13/2011 : 04 23 39 49 50 39
04/09/2011 : 05 14 32 53 56 11
04/06/2011 : 10 18 41 55 56 15
04/02/2011 : 06 22 34 43 45 23
03/30/2011 : 19 20 42 56 58 37
03/26/2011 : 04 10 11 19 33 27
03/23/2011 : 05 15 26 28 32 09
03/19/2011 : 03 11 20 27 46 08
03/16/2011 : 28 39 40 48 53 09
03/12/2011 : 01 04 12 41 47 03
03/09/2011 : 12 20 28 40 48 08
03/05/2011 : 02 23 31 42 48 21
03/02/2011 : 07 31 50 51 58 06
02/26/2011 : 04 13 17 21 45 10
02/23/2011 : 29 32 36 39 49 29
02/19/2011 : 03 12 34 37 42 36
02/16/2011 : 09 13 21 23 48 24
02/12/2011 : 11 32 36 48 52 19
02/09/2011 : 07 11 39 42 51 30
02/05/2011 : 15 37 41 56 59 05
02/02/2011 : 03 14 33 53 57 36
01/29/2011 : 24 28 45 49 52 02
01/26/2011 : 04 05 36 47 58 06
01/22/2011 : 30 31 34 45 51 23
01/19/2011 : 22 36 51 56 59 32
01/15/2011 : 09 13 22 23 37 31
01/12/2011 : 19 21 23 40 48 27
01/08/2011 : 06 07 26 33 52 24
01/05/2011 : 22 26 32 38 40 07
01/01/2011 : 18 22 37 47 54 36
12/29/2010 : 03 16 18 20 37 30
12/25/2010 : 01 17 38 50 52 24
12/22/2010 : 11 33 44 46 47 12
12/18/2010 : 04 11 19 33 43 14
12/15/2010 : 10 11 18 32 45 18
12/11/2010 : 01 08 10 19 20 23
12/08/2010 : 08 11 25 41 58 16
12/04/2010 : 13 24 27 31 42 22
12/01/2010 : 05 10 11 12 20 02
11/27/2010 : 10 30 37 47 54 39
11/24/2010 : 08 20 21 32 37 04
11/20/2010 : 10 12 38 53 57 01
11/17/2010 : 14 16 53 54 59 05
11/13/2010 : 17 30 48 51 54 29
11/10/2010 : 05 08 11 40 44 10
11/06/2010 : 07 12 23 34 38 33
11/03/2010 : 34 38 39 45 50 33
10/30/2010 : 01 07 27 36 49 39
10/27/2010 : 20 24 25 53 59 15
10/23/2010 : 02 07 16 20 46 34
10/20/2010 : 07 17 20 39 59 17
10/16/2010 : 11 12 15 16 28 11
10/13/2010 : 12 22 32 34 46 02
10/09/2010 : 02 06 32 42 49 35
10/06/2010 : 14 26 37 41 46 24
10/02/2010 : 12 20 30 36 47 25
09/29/2010 : 13 44 51 52 55 30
09/25/2010 : 08 16 27 35 42 30
09/22/2010 : 10 24 36 52 55 15
09/18/2010 : 01 18 37 39 44 13
09/15/2010 : 07 20 21 34 43 34
09/11/2010 : 07 17 20 36 59 33
09/08/2010 : 10 35 39 51 57 20
09/04/2010 : 11 14 22 33 42 38
09/01/2010 : 17 20 21 40 51 19
08/28/2010 : 04 22 27 32 56 13
08/25/2010 : 16 17 29 31 36 23
08/21/2010 : 07 10 12 22 27 26
08/18/2010 : 04 32 33 47 55 39
08/14/2010 : 09 33 36 50 58 31
08/11/2010 : 07 10 22 23 52 29
08/07/2010 : 04 22 26 31 52 30
08/04/2010 : 19 28 30 37 53 36
07/31/2010 : 01 16 17 41 57 15
07/28/2010 : 01 11 20 25 27 02
07/24/2010 : 20 30 38 46 59 27
07/21/2010 : 16 22 30 51 58 25
07/17/2010 : 22 27 35 37 45 03
07/14/2010 : 20 21 23 38 42 06
07/10/2010 : 20 21 27 28 56 04
07/07/2010 : 10 41 44 48 56 04
07/03/2010 : 03 10 14 52 53 03
06/30/2010 : 06 38 43 47 48 27
06/26/2010 : 13 30 32 38 57 25
06/23/2010 : 11 30 45 47 48 10
06/19/2010 : 09 30 31 50 54 39
06/16/2010 : 08 11 18 29 36 06
06/12/2010 : 09 12 13 35 38 30
06/09/2010 : 14 22 27 32 49 05
06/05/2010 : 18 34 40 48 59 25
06/02/2010 : 04 09 14 39 43 38
05/29/2010 : 01 03 24 28 41 10
05/26/2010 : 01 06 10 13 20 32
05/22/2010 : 19 20 40 47 57 29
05/19/2010 : 02 07 29 55 58 27
05/15/2010 : 15 21 23 28 36 20
05/12/2010 : 37 51 52 53 58 38
05/08/2010 : 05 22 34 41 57 31
05/05/2010 : 13 34 40 47 57 11
05/01/2010 : 16 23 25 49 58 20
04/28/2010 : 12 22 25 28 44 24
04/24/2010 : 01 12 53 56 57 05
04/21/2010 : 11 34 41 49 55 20
04/17/2010 : 05 21 22 41 49 15
04/14/2010 : 06 14 32 38 52 20
04/10/2010 : 21 22 49 52 58 34
04/07/2010 : 04 36 40 44 52 33
04/03/2010 : 10 15 31 52 59 04
03/31/2010 : 05 13 17 45 54 12
03/27/2010 : 07 21 32 44 52 10
03/24/2010 : 14 20 24 39 49 07
03/20/2010 : 09 36 39 44 45 09
03/17/2010 : 24 26 45 48 55 08
03/13/2010 : 06 16 20 31 36 08
03/10/2010 : 17 21 37 41 50 01
03/06/2010 : 10 29 33 41 59 15
03/03/2010 : 07 09 14 45 49 23
02/27/2010 : 18 47 51 53 58 30
02/24/2010 : 04 17 35 50 57 12
02/20/2010 : 13 27 37 41 54 32
02/17/2010 : 07 08 19 26 36 15
02/13/2010 : 10 14 30 40 51 01
02/10/2010 : 05 08 29 37 38 34
02/06/2010 : 14 22 52 54 59 04
02/03/2010 : 17 22 36 37 52 24
05/01/2021 : 35 36 47 61 63 03
05/05/2021 : 16 23 28 40 63 01
05/08/2021 : 12 17 20 21 26 08
05/12/2021 : 01 19 20 38 54 17
05/15/2021 : 04 10 37 39 69 24
05/19/2021 : 11 13 55 56 69 04
05/22/2021 : 03 19 27 37 40 08
05/26/2021 : 02 08 21 34 62 16
05/29/2021 : 11 13 22 27 46 20
06/02/2021 : 06 07 11 66 67 19
06/05/2021 : 44 52 54 64 69 26
06/12/2021 : 08 25 34 38 41 10
06/16/2021 : 19 29 34 44 50 25
06/19/2021 : 04 22 35 38 39 20
06/23/2021 : 13 20 40 51 63 01
06/26/2021 : 08 31 39 43 60 17
06/30/2021 : 24 29 50 65 66 14
07/03/2021 : 26 40 41 55 65 24
07/07/2021 : 08 21 30 49 57 08
07/10/2021 : 01 05 29 54 62 03
07/14/2021 : 33 46 52 59 62 10
07/17/2021 : 15 22 38 54 66 03
07/21/2021 : 27 28 44 67 68 11
07/24/2021 : 01 04 11 59 67 10
07/28/2021 : 25 30 53 59 60 05
07/31/2021 : 01 21 22 34 47 04
08/04/2021 : 05 21 32 36 58 14
08/07/2021 : 07 24 36 54 60 23
08/11/2021 : 12 18 20 29 30 16
08/14/2021 : 06 21 49 65 67 18
08/18/2021 : 35 36 51 55 61 26
08/21/2021 : 16 28 36 39 59 04
08/23/2021 : 17 36 47 60 61 15
08/25/2021 : 27 39 54 56 59 24
08/28/2021 : 12 22 26 46 59 26
08/30/2021 : 03 15 45 51 61 08
09/01/2021 : 10 20 29 48 51 17
09/04/2021 : 32 35 40 52 54 01
09/06/2021 : 11 20 22 33 54 24
09/08/2021 : 09 22 41 47 61 21
09/11/2021 : 20 31 38 40 49 21
09/13/2021 : 37 40 50 61 63 21
09/15/2021 : 01 04 18 46 62 25
09/18/2021 : 05 36 39 45 57 11
09/20/2021 : 37 51 54 58 60 19
09/22/2021 : 20 40 47 55 63 05
09/25/2021 : 22 23 37 62 63 19
09/27/2021 : 21 22 39 44 60 12
09/29/2021 : 02 07 11 17 32 11
10/02/2021 : 28 38 42 47 52 01
10/04/2021 : 12 22 54 66 69 15
10/06/2021 : 01 17 52 58 64 01
10/09/2021 : 12 17 30 45 62 05
10/11/2021 : 11 20 33 39 65 24
10/13/2021 : 23 29 47 59 60 15
10/16/2021 : 30 31 41 42 48 03
10/18/2021 : 30 32 48 53 63 12
10/20/2021 : 07 29 36 41 43 05
10/23/2021 : 10 30 51 57 63 20
10/25/2021 : 10 27 29 44 58 24
10/27/2021 : 03 06 26 35 51 17
10/30/2021 : 05 23 28 43 56 19
11/01/2021 : 09 25 34 44 45 08
11/03/2021 : 01 02 24 50 57 26
11/06/2021 : 08 30 48 57 64 09
11/08/2021 : 21 46 47 57 62 08
11/10/2021 : 19 25 43 46 48 14
11/13/2021 : 08 15 26 35 45 09
11/15/2021 : 05 31 34 51 53 23
11/17/2021 : 03 16 48 52 60 01
11/20/2021 : 40 43 48 59 69 19
11/22/2021 : 07 20 29 38 67 22
11/24/2021 : 10 16 32 63 65 17
11/27/2021 : 08 32 55 64 66 10
11/29/2021 : 18 26 28 38 47 17
12/01/2021 : 12 15 38 57 63 24
12/04/2021 : 10 40 45 56 67 02
12/06/2021 : 03 21 38 50 59 06
12/08/2021 : 03 07 33 50 69 24
12/11/2021 : 03 25 44 53 64 10
12/13/2021 : 10 30 37 53 59 04
12/15/2021 : 19 20 40 42 59 15
12/18/2021 : 02 06 24 51 61 01
12/20/2021 : 02 13 23 34 66 02
12/22/2021 : 07 16 19 48 68 15
12/25/2021 : 27 29 45 55 58 02
12/27/2021 : 36 38 45 62 64 19
12/29/2021 : 02 06 09 33 39 11
01/01/2022 : 06 12 39 48 50 07
01/03/2022 : 02 13 32 33 48 22
01/05/2022 : 06 14 25 33 46 17
01/08/2022 : 20 21 36 60 65 13
01/10/2022 : 14 17 18 21 27 09
01/12/2022 : 12 21 22 30 33 24
01/15/2022 : 03 18 37 51 59 13
01/17/2022 : 09 24 35 46 65 22
01/19/2022 : 11 15 43 55 61 10
01/22/2022 : 08 14 33 36 67 17
01/24/2022 : 11 29 30 47 53 16
01/26/2022 : 04 11 38 49 69 16
01/29/2022 : 02 15 38 54 65 11
01/31/2022 : 10 15 51 61 69 14
02/02/2022 : 18 29 33 62 63 15
02/05/2022 : 05 16 27 39 61 24
02/07/2022 : 05 15 38 47 65 10
02/09/2022 : 02 17 33 51 63 26
02/12/2022 : 08 10 21 41 62 07
02/14/2022 : 16 25 27 49 55 17
02/16/2022 : 22 30 40 42 48 16
02/19/2022 : 03 10 15 33 42 11
02/21/2022 : 02 36 37 45 69 03
02/23/2022 : 06 17 21 35 64 18
02/26/2022 : 15 32 36 48 64 19
02/28/2022 : 07 21 39 47 55 19
03/02/2022 : 19 37 48 61 63 12
03/05/2022 : 08 23 37 52 63 13
03/07/2022 : 10 43 55 59 67 02
03/09/2022 : 13 22 34 51 67 10
03/14/2022 : 21 28 32 44 49 06
03/16/2022 : 03 28 34 35 58 17
03/19/2022 : 08 09 18 48 52 06
03/21/2022 : 01 15 26 63 65 16
03/23/2022 : 31 32 37 38 48 24
03/26/2022 : 02 10 50 59 61 06
03/28/2022 : 11 18 39 58 62 03
03/30/2022 : 03 07 21 31 37 11
04/02/2022 : 06 28 47 58 59 18
04/04/2022 : 02 32 39 46 69 06
04/06/2022 : 06 42 45 47 64 18
04/11/2022 : 05 07 24 31 34 04
04/13/2022 : 14 16 41 63 68 26
04/16/2022 : 15 21 32 62 65 26
04/18/2022 : 08 33 55 59 62 18
04/20/2022 : 20 30 45 55 56 14
04/23/2022 : 10 39 47 49 56 08
04/25/2022 : 12 18 20 39 61 10
04/27/2022 : 11 36 61 62 68 04
04/30/2022 : 14 21 37 44 63 01
05/02/2022 : 18 27 33 39 44 08
05/04/2022 : 37 39 55 63 69 23
05/07/2022 : 04 05 06 28 67 10
05/09/2022 : 18 30 35 52 56 05
05/11/2022 : 05 07 61 63 69 18
05/14/2022 : 06 40 41 45 52 09
05/16/2022 : 07 15 22 36 64 13
05/18/2022 : 40 41 58 64 65 17
05/21/2022 : 14 15 25 52 58 11
05/23/2022 : 01 33 37 39 42 26
05/25/2022 : 19 28 39 42 57 17
05/28/2022 : 02 39 50 61 66 15
05/30/2022 : 27 28 51 68 69 22
06/01/2022 : 11 41 56 57 63 02
06/04/2022 : 14 16 36 52 60 16
06/06/2022 : 02 10 35 44 46 04
06/08/2022 : 22 39 43 62 64 07
06/11/2022 : 18 20 26 53 69 05
06/13/2022 : 02 27 42 44 51 25
06/15/2022 : 19 28 41 42 51 07
06/18/2022 : 10 19 40 45 58 25
06/20/2022 : 03 44 61 63 69 13
06/22/2022 : 06 10 31 48 56 12
06/25/2022 : 06 12 20 27 32 04
06/27/2022 : 11 13 18 30 37 16
06/29/2022 : 08 40 49 58 63 14
07/02/2022 : 09 10 37 59 62 26
07/04/2022 : 15 16 24 31 56 04
07/06/2022 : 32 36 49 62 69 13
07/09/2022 : 14 22 42 46 52 24
07/11/2022 : 04 26 34 37 52 09
07/13/2022 : 22 23 36 47 63 02
07/16/2022 : 03 18 23 32 57 21
07/18/2022 : 14 34 36 50 58 05
07/20/2022 : 10 20 23 49 65 22
07/23/2022 : 39 41 54 59 62 12
07/25/2022 : 25 37 38 39 65 05
07/27/2022 : 01 25 44 55 57 26
07/30/2022 : 04 17 57 58 68 12
08/01/2022 : 15 21 31 36 65 16
08/03/2022 : 09 21 56 57 66 11
08/06/2022 : 08 15 46 56 68 03
08/08/2022 : 32 45 51 57 58 12
08/10/2022 : 29 44 59 61 68 19
08/13/2022 : 19 24 35 43 62 02
08/15/2022 : 20 24 47 50 63 05
08/17/2022 : 23 28 41 50 55 24
08/20/2022 : 05 09 11 16 66 07
08/22/2022 : 12 27 34 55 67 09
08/24/2022 : 06 24 35 37 44 22
08/27/2022 : 02 18 56 60 65 14
08/29/2022 : 13 36 43 61 69 18
08/31/2022 : 07 08 19 24 28 01
09/03/2022 : 18 27 49 65 69 09
09/05/2022 : 04 07 32 55 64 25
09/07/2022 : 03 16 30 33 36 20
09/10/2022 : 38 42 56 68 69 04
09/12/2022 : 06 14 16 34 66 25
09/14/2022 : 09 10 20 22 52 25
09/17/2022 : 05 25 36 51 61 01
09/19/2022 : 07 15 36 46 67 07
09/21/2022 : 06 33 34 45 54 07
09/24/2022 : 03 09 21 24 29 14
09/26/2022 : 13 20 31 33 59 20
09/28/2022 : 06 10 24 33 67 11
10/01/2022 : 08 21 22 65 69 26
10/03/2022 : 02 16 22 55 63 22
10/05/2022 : 26 30 33 37 62 06
10/08/2022 : 13 43 53 60 68 05
10/10/2022 : 03 06 11 17 22 11
10/12/2022 : 14 30 41 42 59 06
10/15/2022 : 32 37 40 58 62 15
10/17/2022 : 19 30 36 46 60 25
10/19/2022 : 06 08 15 27 42 10
10/22/2022 : 19 25 48 55 60 18
10/24/2022 : 18 23 35 45 54 16
10/26/2022 : 19 36 37 46 56 24
10/29/2022 : 19 31 40 46 57 23
10/31/2022 : 13 19 36 39 59 13
11/02/2022 : 02 11 22 35 60 23
11/05/2022 : 28 45 53 56 69 20
11/09/2022 : 07 14 24 30 56 07
11/12/2022 : 16 20 44 57 58 06
11/14/2022 : 19 35 53 54 67 21
11/16/2022 : 28 34 51 53 56 11
11/19/2022 : 07 28 62 63 64 10
11/21/2022 : 01 06 40 51 67 02
11/23/2022 : 01 02 31 39 66 25
11/26/2022 : 15 30 47 50 51 03
11/28/2022 : 29 30 32 48 50 20
11/30/2022 : 04 19 24 47 66 10
12/03/2022 : 06 13 33 36 37 07
12/05/2022 : 35 45 47 54 55 14
12/07/2022 : 06 28 44 59 61 21
12/10/2022 : 09 23 47 49 68 19
12/12/2022 : 16 31 50 55 61 09
12/14/2022 : 36 51 59 66 68 25
12/17/2022 : 33 56 64 66 68 12
12/19/2022 : 07 37 55 65 67 12
12/21/2022 : 12 15 24 34 59 14
12/24/2022 : 17 37 46 54 67 08
12/26/2022 : 17 41 47 60 61 17
12/28/2022 : 26 32 38 45 56 01
12/31/2022 : 18 37 44 50 64 11
01/02/2023 : 07 09 12 31 62 22
01/04/2023 : 12 32 56 67 68 26
01/07/2023 : 35 36 44 45 67 14
01/09/2023 : 18 43 48 60 69 14
01/11/2023 : 04 08 46 47 48 05
01/14/2023 : 24 26 39 47 57 23
01/16/2023 : 04 14 33 39 61 03
01/18/2023 : 06 15 22 42 47 26
01/21/2023 : 05 14 19 46 64 22
01/23/2023 : 12 31 47 58 60 23
01/25/2023 : 09 17 20 38 40 18
01/28/2023 : 02 18 23 27 47 15
01/30/2023 : 01 04 12 36 49 05
02/01/2023 : 31 43 58 59 66 09
02/04/2023 : 02 08 15 19 58 10
02/06/2023 : 05 11 22 23 69 07
02/08/2023 : 52 58 59 64 66 09
02/11/2023 : 10 23 30 54 65 11
02/13/2023 : 17 26 37 61 65 02
02/15/2023 : 31 32 54 60 63 12
02/18/2023 : 08 21 31 32 37 23
02/20/2023 : 03 17 26 38 54 15
02/22/2023 : 11 19 39 44 65 07
02/25/2023 : 11 24 58 66 67 26
02/27/2023 : 16 28 49 51 55 23
03/01/2023 : 02 09 28 36 53 04
03/04/2023 : 10 16 18 40 66 16
03/06/2023 : 02 13 29 58 69 04
03/08/2023 : 26 27 43 61 69 04
03/11/2023 : 11 20 33 43 58 24
03/13/2023 : 03 10 24 46 63 04
03/15/2023 : 16 18 33 37 50 08
03/18/2023 : 14 20 30 54 69 11
03/20/2023 : 01 27 32 47 67 14
03/22/2023 : 27 28 37 50 57 05
03/25/2023 : 15 17 18 47 57 19
03/27/2023 : 19 26 36 43 58 14
03/29/2023 : 04 09 24 46 66 07
04/01/2023 : 11 19 21 29 52 17
04/03/2023 : 16 30 31 54 68 01
04/05/2023 : 03 05 09 42 52 11
04/08/2023 : 11 22 24 51 60 18
04/10/2023 : 09 10 36 46 52 14
04/12/2023 : 09 36 41 44 59 04
04/15/2023 : 01 33 34 56 59 18
04/17/2023 : 23 25 35 63 64 25
04/19/2023 : 04 11 21 38 64 11
04/22/2023 : 17 36 47 63 68 25
04/24/2023 : 19 21 55 66 68 03
04/26/2023 : 02 15 30 35 49 06
04/29/2023 : 16 53 54 57 65 08
05/01/2023 : 03 38 55 61 66 01
05/03/2023 : 21 26 30 45 47 23
05/06/2023 : 31 39 47 51 53 06
05/08/2023 : 15 20 33 36 43 12
05/10/2023 : 21 24 33 55 69 03
05/13/2023 : 03 15 20 23 46 11
05/15/2023 : 01 26 28 55 58 25
05/17/2023 : 18 34 37 45 51 14
05/20/2023 : 17 23 32 38 63 23
05/22/2023 : 09 38 48 52 68 25
05/24/2023 : 12 21 44 50 58 26
05/27/2023 : 24 38 39 48 56 04
05/29/2023 : 21 33 35 62 64 24
05/31/2023 : 02 04 54 61 62 14
06/03/2023 : 15 45 64 67 68 18
06/05/2023 : 02 31 45 46 49 20
06/07/2023 : 16 21 29 53 66 02
06/10/2023 : 21 32 42 46 50 04
06/12/2023 : 02 03 16 23 68 07
06/14/2023 : 03 20 36 42 64 04
06/17/2023 : 02 12 45 61 64 26
06/19/2023 : 36 39 52 57 69 01
06/21/2023 : 05 11 33 35 63 14
06/24/2023 : 02 38 44 50 62 19
06/26/2023 : 06 28 39 43 54 12
06/28/2023 : 19 25 34 57 68 04
07/01/2023 : 04 17 35 49 61 08
07/03/2023 : 15 26 31 38 61 03
07/05/2023 : 17 24 48 62 68 23
07/08/2023 : 07 23 24 32 43 18
07/10/2023 : 02 24 34 53 58 13
